Date,Symbol,Series,Prev Close,Open,High,Low,Last,Close,VWAP,Volume,Turnover,Trades,Deliverable Volume,%Deliverble
2010-10-04,NHPC,EQ,32.15,32.4,33.1,32.15,32.9,32.95,32.64,11223957,36640104490000.0,,4526613,0.4033
2010-10-05,NHPC,EQ,32.95,32.95,33.6,32.9,33.25,33.3,33.28,15756013,52437269400000.0,,7041060,0.44689999999999996
2010-10-06,NHPC,EQ,33.3,33.5,34.35,33.2,33.9,33.9,33.94,19393310,65822797310000.0,,8549713,0.44090000000000007
2010-10-07,NHPC,EQ,33.9,34.0,34.4,33.2,33.35,33.35,33.91,13289116,45060351465000.0,,4064241,0.3058
2010-10-08,NHPC,EQ,33.35,33.5,33.75,32.9,33.1,33.1,33.25,7114319,23655033680000.0,,2768297,0.3891
2010-10-11,NHPC,EQ,33.1,33.0,33.5,32.8,32.85,32.95,32.98,9785026,32269574260000.004,,3487849,0.3564
2010-10-12,NHPC,EQ,32.95,33.0,33.0,32.6,32.95,32.85,32.78,3633120,11908753970000.0,,2012570,0.554
2010-10-13,NHPC,EQ,32.85,33.0,33.05,32.75,32.85,32.9,32.93,9632931,31718533510000.004,,4426731,0.4595
2010-10-14,NHPC,EQ,32.9,32.85,33.05,32.3,32.4,32.45,32.64,11607754,37884819835000.0,,5750085,0.4954
2010-10-15,NHPC,EQ,32.45,32.65,32.65,31.85,32.0,32.0,32.24,7827177,25234999945000.0,,3469310,0.44320000000000004
2010-10-18,NHPC,EQ,32.0,32.0,32.25,31.7,31.95,31.95,31.9,4181001,13335399640000.0,,1405643,0.3362
2010-10-19,NHPC,EQ,31.95,32.0,32.3,31.7,31.8,31.75,31.95,3575489,11425132880000.0,,1772406,0.49570000000000003
2010-10-20,NHPC,EQ,31.75,31.95,32.0,31.3,31.45,31.45,31.61,5907554,18671249585000.0,,2354383,0.3985
2010-10-21,NHPC,EQ,31.45,31.5,32.25,31.4,32.2,32.1,31.86,7893331,25151067775000.0,,4001835,0.507
2010-10-22,NHPC,EQ,32.1,32.0,32.3,31.85,31.9,31.9,32.05,5546366,17777197125000.0,,2674749,0.4823
2010-10-25,NHPC,EQ,31.9,32.0,32.2,31.6,31.9,31.85,31.87,10830749,34515891330000.0,,5311224,0.4904
2010-10-26,NHPC,EQ,31.85,31.6,32.25,31.6,32.15,32.15,32.0,6645903,21270200295000.0,,2754385,0.4144
2010-10-27,NHPC,EQ,32.15,31.75,32.25,31.0,31.85,31.85,31.89,3830445,12216212490000.0,,1695893,0.44270000000000004
2010-10-28,NHPC,EQ,31.85,32.0,32.1,31.05,31.2,31.25,31.48,13869219,43659664720000.0,,7668427,0.5529000000000001
2010-10-29,NHPC,EQ,31.25,31.25,31.8,31.05,31.2,31.2,31.38,4676859,14676420330000.002,,2136699,0.4569
2010-11-01,NHPC,EQ,31.2,31.5,31.65,31.35,31.45,31.45,31.49,3157657,9944845865000.0,,1603831,0.5079
2010-11-02,NHPC,EQ,31.45,31.5,31.65,31.2,31.35,31.35,31.36,3323199,10421647260000.0,,1459284,0.4391
2010-11-03,NHPC,EQ,31.35,31.4,31.8,31.35,31.35,31.35,31.53,4834936,15243377030000.002,,2418567,0.5002000000000001
2010-11-04,NHPC,EQ,31.35,31.45,31.6,31.3,31.5,31.45,31.45,2898196,9116191450000.0,,1807222,0.6236
2010-11-05,NHPC,EQ,31.45,31.5,32.3,31.5,31.8,31.75,31.74,1462382,4642089575000.0,,970258,0.6635
2010-11-08,NHPC,EQ,31.75,31.95,32.0,31.35,31.45,31.4,31.49,3260833,10268146780000.0,,2058767,0.6314000000000001
2010-11-09,NHPC,EQ,31.4,31.5,31.65,31.25,31.4,31.35,31.42,3334006,10474289015000.0,,2445889,0.7336
2010-11-10,NHPC,EQ,31.35,31.25,31.65,31.2,31.3,31.25,31.42,7903790,24832487960000.0,,4276444,0.5411
2010-11-11,NHPC,EQ,31.25,31.35,31.5,30.8,30.9,30.9,31.13,5706764,17767035810000.0,,3562110,0.6242
2010-11-12,NHPC,EQ,30.9,31.0,31.2,30.45,30.5,30.5,30.72,4860477,14929225865000.0,,2794018,0.5748
2010-11-15,NHPC,EQ,30.5,30.8,30.8,29.95,30.2,30.15,30.14,7785564,23462182850000.0,,3521843,0.4524
2010-11-16,NHPC,EQ,30.15,30.4,30.5,29.9,30.0,30.0,30.12,4557662,13728232555000.002,,2447925,0.5371
2010-11-18,NHPC,EQ,30.0,30.55,30.55,29.75,29.85,29.9,29.97,4003369,11999444175000.0,,1734001,0.43310000000000004
2010-11-19,NHPC,EQ,29.9,30.0,30.0,29.0,29.2,29.1,29.48,8943778,26367143375000.0,,4365939,0.4882
2010-11-22,NHPC,EQ,29.1,30.1,30.5,29.0,29.3,29.3,29.22,3650887,10668155255000.0,,1763163,0.4829
2010-11-23,NHPC,EQ,29.3,29.3,29.3,28.6,28.85,28.8,28.89,8011925,23146788490000.0,,3767701,0.4703
2010-11-24,NHPC,EQ,28.8,30.1,30.1,28.75,28.8,28.8,29.03,5537167,16077009340000.0,,2411386,0.4355
2010-11-25,NHPC,EQ,28.8,29.15,29.2,28.35,28.65,28.45,28.62,4612166,13199740845000.0,,2429462,0.5268
2010-11-26,NHPC,EQ,28.45,28.35,28.9,26.9,27.7,27.65,27.65,11748789,32479897589999.996,,5376027,0.4576
2010-11-29,NHPC,EQ,27.65,27.65,28.45,26.95,27.35,27.1,27.27,14019947,38227490100000.0,,9001479,0.642
2010-11-30,NHPC,EQ,27.1,27.1,27.85,27.0,27.7,27.6,27.59,6167755,17016981265000.0,,1984312,0.32170000000000004
2010-12-01,NHPC,EQ,27.6,27.6,28.35,27.5,28.2,28.25,28.06,5343851,14994630485000.0,,2349611,0.4397
2010-12-02,NHPC,EQ,28.25,28.5,28.6,28.1,28.25,28.2,28.33,4138071,11722631940000.0,,1845091,0.4459
2010-12-03,NHPC,EQ,28.2,28.4,28.4,27.75,27.9,27.9,28.04,4988673,13987382244999.998,,2077103,0.4164
2010-12-06,NHPC,EQ,27.9,28.0,29.9,27.85,27.9,27.9,28.05,3622890,10163621705000.0,,1308773,0.3613
2010-12-07,NHPC,EQ,27.9,28.0,28.3,27.8,28.25,28.1,27.98,4271872,11952964550000.0,,1427926,0.3343
2010-12-08,NHPC,EQ,28.1,28.0,28.25,27.85,27.9,27.9,28.03,3078798,8629550840000.001,,1176872,0.3823
2010-12-09,NHPC,EQ,27.9,27.9,28.05,26.55,26.8,26.8,27.21,7460987,20301306325000.0,,4139806,0.5549000000000001
2010-12-10,NHPC,EQ,26.8,26.85,27.5,26.6,27.45,27.3,27.14,4493499,12197441050000.0,,2118703,0.4715
2010-12-13,NHPC,EQ,27.3,27.5,27.65,27.15,27.35,27.3,27.35,7331228,20048813410000.0,,3413891,0.4657
2010-12-14,NHPC,EQ,27.3,27.45,27.65,27.05,27.55,27.55,27.44,4570787,12541169170000.0,,1646288,0.3602
2010-12-15,NHPC,EQ,27.55,27.6,27.8,27.15,27.35,27.25,27.48,3820894,10499096740000.0,,1169567,0.3061
2010-12-16,NHPC,EQ,27.25,27.25,27.65,27.1,27.4,27.3,27.36,2654498,7263883509999.999,,1444203,0.5441
2010-12-20,NHPC,EQ,27.3,27.3,27.55,27.0,27.35,27.35,27.36,3394198,9287930220000.0,,1485780,0.43770000000000003
2010-12-21,NHPC,EQ,27.35,27.5,27.7,27.3,27.45,27.5,27.49,4178714,11486449400000.0,,1219393,0.2918
2010-12-22,NHPC,EQ,27.5,27.6,28.4,27.55,28.35,28.2,27.91,10827716,30215455214999.996,,5858868,0.5411
2010-12-23,NHPC,EQ,28.2,28.25,28.5,27.95,28.15,28.1,28.22,7745375,21860048635000.0,,2362872,0.30510000000000004
2010-12-24,NHPC,EQ,28.1,28.2,28.25,27.85,28.15,28.1,28.09,3420315,9608662535000.0,,1203330,0.3518
2010-12-27,NHPC,EQ,28.1,28.15,28.35,28.0,28.1,28.1,28.19,2341125,6600783435000.0,,803455,0.3432
2010-12-28,NHPC,EQ,28.1,28.2,28.2,27.85,27.95,27.9,28.01,4426917,12399736235000.0,,1588712,0.3589
2010-12-29,NHPC,EQ,27.9,28.0,28.2,27.9,28.1,28.15,28.11,2154536,6055330690000.0,,913997,0.4242
2010-12-30,NHPC,EQ,28.15,28.25,28.25,27.85,28.0,28.0,27.98,4825264,13501848000000.0,,1995995,0.41369999999999996
2010-12-31,NHPC,EQ,28.0,28.0,28.35,28.0,28.2,28.2,28.17,3474432,9789185175000.0,,1312097,0.3776
2011-01-03,NHPC,EQ,28.2,28.25,29.25,28.2,29.0,29.0,28.85,9726527,28061008630000.0,,3554331,0.3654
2011-01-04,NHPC,EQ,29.0,29.2,29.35,28.7,28.9,28.8,29.0,8801142,25519959595000.0,,3765254,0.4278
2011-01-05,NHPC,EQ,28.8,28.8,29.05,28.5,28.55,28.55,28.79,3678062,10589516635000.0,,1726118,0.4693
2011-01-06,NHPC,EQ,28.55,28.75,28.75,28.2,28.25,28.3,28.36,3214335,9115963115000.0,,1203206,0.3743
2011-01-07,NHPC,EQ,28.3,28.4,28.5,27.6,27.8,27.75,28.05,4909787,13771260025000.0,,2126671,0.43310000000000004
2011-01-10,NHPC,EQ,27.75,28.0,28.45,27.25,27.35,27.35,27.55,4710116,12978268730000.0,,2132252,0.45270000000000005
2011-01-11,NHPC,EQ,27.35,27.35,27.55,27.0,27.2,27.05,27.25,4681488,12755847085000.0,,2131935,0.4554
2011-01-12,NHPC,EQ,27.05,27.1,27.4,26.95,27.3,27.3,27.13,4425496,12005088140000.0,,1710974,0.3866
2011-01-13,NHPC,EQ,27.3,27.1,27.6,27.05,27.15,27.15,27.33,2858439,7812187800000.0,,1398740,0.4893
2011-01-14,NHPC,EQ,27.15,27.25,27.35,26.85,26.9,26.95,27.05,4415758,11944446830000.0,,2072387,0.4693
2011-01-17,NHPC,EQ,26.95,26.95,27.1,26.55,26.6,26.6,26.75,4051636,10836419640000.0,,2291381,0.5655
2011-01-18,NHPC,EQ,26.6,26.75,26.75,26.35,26.5,26.5,26.58,4628053,12301578400000.0,,2620736,0.5663
2011-01-19,NHPC,EQ,26.5,26.55,26.9,26.45,26.55,26.55,26.64,5192610,13831753444999.998,,2247732,0.4329
2011-01-20,NHPC,EQ,26.55,26.55,26.8,26.45,26.75,26.7,26.68,3541711,9447829085000.0,,2024289,0.5716
2011-01-21,NHPC,EQ,26.7,26.95,27.0,26.65,26.8,26.75,26.83,4932672,13235593930000.0,,2173400,0.44060000000000005
2011-01-24,NHPC,EQ,26.75,26.85,27.0,26.7,26.8,26.85,26.82,5680400,15237243680000.002,,2670319,0.47009999999999996
2011-01-25,NHPC,EQ,26.85,26.85,26.95,26.65,26.75,26.7,26.81,4309022,11552653750000.0,,1866984,0.4333
2011-01-27,NHPC,EQ,26.7,26.75,27.1,25.45,25.65,25.75,25.97,19639151,51001778845000.0,,12772257,0.6503
2011-01-28,NHPC,EQ,25.75,25.9,25.95,24.65,24.95,24.95,25.02,13379373,33470519935000.004,,7236498,0.5409
2011-01-31,NHPC,EQ,24.95,24.5,24.85,24.4,24.55,24.55,24.55,5715135,14030018865000.0,,2514910,0.44
2011-02-01,NHPC,EQ,24.55,24.6,24.8,24.2,24.25,24.25,24.46,3864055,9451599085000.0,,1869101,0.48369999999999996
2011-02-02,NHPC,EQ,24.25,24.3,24.7,24.25,24.35,24.35,24.46,4156591,10165933110000.0,,1763032,0.4242
2011-02-03,NHPC,EQ,24.35,24.3,24.85,24.3,24.7,24.7,24.6,3611590,8885120805000.0,,1533116,0.42450000000000004
2011-02-04,NHPC,EQ,24.7,24.65,24.95,24.2,24.3,24.3,24.56,4069815,9995532055000.0,,1509663,0.37090000000000006
2011-02-07,NHPC,EQ,24.3,24.25,24.45,24.0,24.05,24.05,24.18,3725112,9008354785000.0,,1804634,0.48450000000000004
2011-02-08,NHPC,EQ,24.05,24.0,24.3,23.75,23.8,23.8,23.98,5378639,12898246180000.0,,3100049,0.5764
2011-02-09,NHPC,EQ,23.8,23.8,23.95,22.4,22.85,22.6,23.05,9492956,21884330275000.0,,3717896,0.39159999999999995
2011-02-10,NHPC,EQ,22.6,22.6,23.05,22.25,22.75,22.7,22.58,7356756,16611646305000.002,,3067706,0.41700000000000004
2011-02-11,NHPC,EQ,22.7,22.75,24.1,22.55,23.8,23.7,23.2,5446124,12633311635000.0,,2231063,0.4097
2011-02-14,NHPC,EQ,23.7,23.6,24.3,23.6,24.25,24.25,24.09,3222452,7763125609999.999,,1495767,0.4642
2011-02-15,NHPC,EQ,24.25,24.3,24.45,23.85,24.4,24.35,24.19,3943775,9541421250000.0,,1842094,0.4671
2011-02-16,NHPC,EQ,24.35,24.5,25.0,24.35,24.95,24.85,24.69,4891837,12077071365000.0,,1891827,0.38670000000000004
2011-02-17,NHPC,EQ,24.85,24.9,25.25,24.6,24.95,24.9,24.95,2999694,7483250350000.0,,1207709,0.4026
2011-02-18,NHPC,EQ,24.9,24.95,25.05,24.0,24.1,24.05,24.41,4630378,11304171310000.0,,1544919,0.3336
2011-02-21,NHPC,EQ,24.05,24.0,24.4,23.8,24.15,24.2,24.02,3613842,8681014590000.001,,756391,0.2093
2011-02-22,NHPC,EQ,24.2,24.2,24.2,23.8,23.95,23.9,23.9,2173017,5193713700000.0,,682235,0.314
2011-02-23,NHPC,EQ,23.9,24.0,24.15,23.8,23.9,23.9,23.99,3140554,7535599075000.0,,874722,0.2785
2011-02-24,NHPC,EQ,23.9,23.95,23.95,22.35,22.85,22.6,22.92,17900668,41030014095000.0,,9518265,0.5317000000000001
2011-02-25,NHPC,EQ,22.6,22.75,23.25,22.75,23.15,23.05,23.05,4647469,10711473230000.0,,1015515,0.21850000000000003
2011-02-28,NHPC,EQ,23.05,23.0,23.55,22.95,23.1,23.15,23.3,5589476,13024634580000.0,,1099351,0.1967
2011-03-01,NHPC,EQ,23.15,23.25,23.85,23.25,23.75,23.65,23.59,4778804,11271280365000.0,,2245876,0.47000000000000003
2011-03-03,NHPC,EQ,23.65,23.65,23.8,23.5,23.7,23.65,23.63,2018038,4768838075000.0,,712609,0.3531
2011-03-04,NHPC,EQ,23.65,23.7,24.1,23.55,23.7,23.65,23.76,2397071,5696054190000.0,,1017500,0.42450000000000004
2011-03-07,NHPC,EQ,23.65,23.55,23.7,23.15,23.25,23.25,23.28,2236043,5205156445000.0,,989909,0.44270000000000004
2011-03-08,NHPC,EQ,23.25,23.3,23.5,23.25,23.4,23.35,23.38,1827272,4272378815000.0,,884222,0.4839
2011-03-09,NHPC,EQ,23.35,23.45,23.7,23.4,23.45,23.45,23.49,2394863,5626126710000.0,,1022129,0.4268
2011-03-10,NHPC,EQ,23.45,23.5,23.7,23.2,23.4,23.5,23.43,4009244,9392076515000.0,,1706736,0.4257
2011-03-11,NHPC,EQ,23.5,23.1,23.55,23.1,23.2,23.2,23.31,3234669,7538909620000.0,,1387868,0.4291
2011-03-14,NHPC,EQ,23.2,23.35,23.35,23.0,23.25,23.25,23.21,2566958,5958955970000.0,,1611289,0.6277
2011-03-15,NHPC,EQ,23.25,23.1,23.1,22.25,22.9,22.9,22.92,3288044,7537050034999.999,,1827134,0.5557
2011-03-16,NHPC,EQ,22.9,23.0,23.45,22.95,23.3,23.25,23.24,2618051,6083824315000.0,,1492504,0.5700999999999999
2011-03-17,NHPC,EQ,23.25,23.25,23.3,23.1,23.15,23.15,23.18,1874147,4344461954999.9995,,976116,0.5208
2011-03-18,NHPC,EQ,23.15,23.25,23.4,22.9,22.95,22.9,23.0,3402261,7824371525000.0,,1898213,0.5579
2011-03-21,NHPC,EQ,22.9,23.0,23.25,22.6,22.85,22.75,22.85,3488908,7973896284999.999,,1257103,0.3603
2011-03-22,NHPC,EQ,22.75,22.85,22.95,22.75,22.8,22.8,22.86,2464330,5633897995000.0,,1552579,0.63
2011-03-23,NHPC,EQ,22.8,22.8,22.95,22.75,22.8,22.8,22.83,2909833,6642464500000.0,,1622807,0.5577000000000001
2011-03-24,NHPC,EQ,22.8,22.9,23.2,22.8,23.1,23.1,23.02,4253887,9792558770000.0,,2772064,0.6517000000000001
2011-03-25,NHPC,EQ,23.1,23.0,23.65,23.0,23.35,23.4,23.44,4943306,11585007045000.0,,2235068,0.4521
2011-03-28,NHPC,EQ,23.4,23.6,23.6,23.3,23.3,23.35,23.44,4373390,10249473485000.0,,2190241,0.5008
2011-03-29,NHPC,EQ,23.35,23.4,23.8,23.3,23.75,23.65,23.56,10046866,23674138030000.0,,5371216,0.5346000000000001
2011-03-30,NHPC,EQ,23.65,23.6,24.7,23.6,24.55,24.55,24.33,12090960,29411722255000.0,,5381168,0.4451
2011-03-31,NHPC,EQ,24.55,24.5,25.5,24.2,25.4,25.3,25.0,14444198,36110904900000.0,,5706810,0.3951
2011-04-01,NHPC,EQ,25.3,25.4,25.45,24.85,25.15,25.2,25.1,3587262,9003862250000.0,,1604116,0.4472
2011-04-04,NHPC,EQ,25.2,25.25,26.05,25.2,25.8,25.8,25.7,5300074,13619036794999.998,,1887334,0.3561
2011-04-05,NHPC,EQ,25.8,25.75,26.0,25.45,25.85,25.9,25.71,3314955,8523204975000.0,,1322977,0.39909999999999995
2011-04-06,NHPC,EQ,25.9,26.0,26.25,25.65,25.95,25.95,25.94,3815677,9898294185000.0,,1425654,0.3736
2011-04-07,NHPC,EQ,25.95,26.1,26.3,25.4,25.6,25.55,25.68,7871729,20217708340000.0,,4092905,0.5199
2011-04-08,NHPC,EQ,25.55,25.55,25.8,25.0,25.1,25.05,25.32,2596990,6574858985000.0,,1114218,0.429
2011-04-11,NHPC,EQ,25.05,25.25,25.45,24.7,25.05,25.2,25.02,3558056,8903819310000.0,,1590149,0.44689999999999996
2011-04-13,NHPC,EQ,25.2,25.2,25.55,24.8,25.4,25.4,25.3,3441745,8707143815000.001,,1081077,0.3141
2011-04-15,NHPC,EQ,25.4,25.4,25.55,25.0,25.1,25.1,25.22,2235376,5637193105000.0,,1220696,0.5461
2011-04-18,NHPC,EQ,25.1,25.0,25.45,24.7,24.75,24.75,25.06,2324863,5826606535000.0,,1025600,0.4411
2011-04-19,NHPC,EQ,24.75,24.6,24.95,24.6,24.85,24.85,24.8,2601708,6453482595000.0,,1277933,0.49119999999999997
2011-04-20,NHPC,EQ,24.85,24.9,25.2,24.9,24.95,25.0,25.04,2374108,5944187270000.0,,1159342,0.4883
2011-04-21,NHPC,EQ,25.0,25.0,25.2,25.0,25.15,25.1,25.11,3587634,9007186950000.0,,1949154,0.5433
2011-04-25,NHPC,EQ,25.1,25.0,25.5,25.0,25.25,25.4,25.29,3369674,8522695400000.0,,1593129,0.4728
2011-04-26,NHPC,EQ,25.4,25.2,25.55,25.15,25.55,25.4,25.29,4295695,10865844125000.0,,2114632,0.49229999999999996
2011-04-27,NHPC,EQ,25.4,25.45,26.2,25.3,25.95,26.0,25.81,9335317,24098193810000.0,,3684319,0.3947
2011-04-28,NHPC,EQ,26.0,26.0,26.25,25.7,25.9,25.85,25.9,16761482,43408507945000.0,,10400686,0.6204999999999999
2011-04-29,NHPC,EQ,25.85,26.0,26.1,25.7,25.85,25.9,25.96,7981647,20717282315000.0,,5712224,0.7156999999999999
2011-05-02,NHPC,EQ,25.9,26.0,26.0,25.6,25.65,25.65,25.74,3170753,8162331920000.0,,1628385,0.5136000000000001
2011-05-03,NHPC,EQ,25.65,25.75,25.9,25.2,25.3,25.25,25.59,3890383,9957216170000.0,,2236525,0.5749000000000001
2011-05-04,NHPC,EQ,25.25,25.05,25.35,25.0,25.1,25.1,25.16,3583526,9015386930000.0,,1443522,0.40280000000000005
2011-05-05,NHPC,EQ,25.1,25.0,25.95,24.3,24.45,24.45,24.88,6033304,15010611425000.0,,4012820,0.6651
2011-05-06,NHPC,EQ,24.45,25.3,25.3,24.55,24.9,24.85,24.83,2438683,6055456710000.0,,1087324,0.4459
2011-05-06,NHPC,EQ,24.45,25.3,25.3,24.55,24.9,24.85,24.83,2438683,6055456710000.0,,1087324,0.4459
2011-05-09,NHPC,EQ,24.85,25.0,25.0,24.65,24.8,24.8,24.8,1251540,3103625715000.0,,549489,0.4391
2011-05-10,NHPC,EQ,24.8,24.9,24.95,24.7,24.85,24.85,24.85,1037730,2578895660000.0,,554510,0.5343
2011-05-11,NHPC,EQ,24.85,24.85,25.25,24.8,25.05,25.1,25.1,1709745,4290962590000.0,,795575,0.46530000000000005
2011-05-12,NHPC,EQ,25.1,25.2,25.2,24.7,24.85,24.85,24.86,1454525,3616600325000.0,,732220,0.5034000000000001
2011-05-13,NHPC,EQ,24.85,23.35,25.1,23.35,25.0,25.0,24.99,1134667,2835910180000.0,,537374,0.4736
2011-05-16,NHPC,EQ,25.0,25.4,25.4,24.45,24.8,24.8,24.8,1005344,2493423005000.0,,551207,0.5483
2011-05-17,NHPC,EQ,24.8,24.95,24.95,24.6,24.65,24.65,24.75,1656650,4099593520000.0005,,801033,0.48350000000000004
2011-05-18,NHPC,EQ,24.65,24.6,24.8,24.6,24.6,24.6,24.68,1370352,3382345545000.0005,,670678,0.4894
2011-05-19,NHPC,EQ,24.6,24.6,24.7,24.2,24.35,24.3,24.43,1414268,3455690420000.0005,,550924,0.3895
2011-05-20,NHPC,EQ,24.3,24.15,24.6,24.15,24.45,24.5,24.44,968543,2367581625000.0,,391844,0.4046
2011-05-23,NHPC,EQ,24.5,24.55,24.55,24.1,24.35,24.3,24.31,2623000,6376113550000.0,,1033643,0.39409999999999995
2011-05-24,NHPC,EQ,24.3,24.3,24.5,24.0,24.35,24.45,24.28,3924865,9530489270000.0,,1576607,0.4017
2011-05-25,NHPC,EQ,24.45,24.45,24.5,24.2,24.2,24.3,24.37,4533348,11048231865000.0,,2332067,0.5144
2011-05-26,NHPC,EQ,24.3,24.4,24.9,24.15,24.2,24.55,24.54,10923692,26801465710000.0,,4694797,0.42979999999999996
2011-05-27,NHPC,EQ,24.55,24.5,25.15,24.2,24.8,24.85,24.64,4968514,12241020265000.0,,1292071,0.2601
2011-05-30,NHPC,EQ,24.85,24.95,25.0,24.45,24.55,24.6,24.61,2014432,4958255245000.0,,1154732,0.5732
2011-05-31,NHPC,EQ,24.6,24.75,25.0,24.55,24.9,24.9,24.86,2003575,4980246530000.0,,782895,0.3907
2011-06-01,NHPC,EQ,24.9,24.9,25.4,24.85,25.05,25.1,25.1,2201049,5524350320000.0,6022.0,771786,0.3506
2011-06-02,NHPC,EQ,25.1,24.9,25.3,24.7,24.75,24.75,24.93,2885260,7192409115000.001,7755.0,1399935,0.4852
2011-06-03,NHPC,EQ,24.75,24.75,25.0,24.6,24.7,24.65,24.81,1458605,3618991025000.0,4828.0,718956,0.4929
2011-06-06,NHPC,EQ,24.65,24.65,24.65,24.4,24.6,24.55,24.52,1074323,2634639855000.0,4440.0,449223,0.4181
2011-06-07,NHPC,EQ,24.55,24.35,24.7,24.35,24.5,24.6,24.58,1172350,2881626995000.0,4195.0,395399,0.3373
2011-06-08,NHPC,EQ,24.6,24.6,24.75,24.45,24.55,24.55,24.58,1235733,3037469775000.0,3246.0,564156,0.4565
2011-06-09,NHPC,EQ,24.55,24.55,24.65,24.45,24.5,24.45,24.55,1729704,4245662829999.9995,3883.0,864261,0.4997
2011-06-10,NHPC,EQ,24.45,24.35,24.6,24.35,24.45,24.45,24.46,991420,2425107865000.0,2716.0,467186,0.4712
2011-06-13,NHPC,EQ,24.45,24.5,24.75,24.2,24.5,24.5,24.42,3143465,7677793200000.0,6177.0,1104717,0.3514
2011-06-14,NHPC,EQ,24.5,24.55,24.6,24.3,24.35,24.4,24.42,3176039,7757032965000.001,3879.0,1827222,0.5753
2011-06-15,NHPC,EQ,24.4,24.5,25.0,24.25,24.25,24.25,24.33,1918593,4667598190000.0,3246.0,1245917,0.6494
2011-06-16,NHPC,EQ,24.25,24.25,24.25,24.0,24.1,24.05,24.1,2298439,5539953900000.0,3552.0,1438835,0.626
2011-06-17,NHPC,EQ,24.05,23.8,24.55,23.5,24.05,24.1,24.26,2992750,7259740830000.0,6549.0,1332347,0.44520000000000004
2011-06-20,NHPC,EQ,24.1,24.1,24.2,23.0,23.75,23.75,23.69,3069197,7271894530000.0,5688.0,1789311,0.583
2011-06-21,NHPC,EQ,23.75,23.5,24.0,23.25,23.4,23.35,23.46,3501373,8213718859999.999,8853.0,1930380,0.5513
2011-06-22,NHPC,EQ,23.35,23.45,23.5,23.0,23.1,23.05,23.17,1544852,3580071600000.0,5587.0,833340,0.5394
2011-06-23,NHPC,EQ,23.05,23.0,23.2,22.45,22.7,22.65,22.75,5316507,12096004460000.0,13997.0,2508797,0.4719
2011-06-24,NHPC,EQ,22.65,22.75,23.15,22.7,23.0,23.0,22.98,3089121,7098997470000.0,5545.0,1796257,0.5815
2011-06-27,NHPC,EQ,23.0,23.0,23.5,22.7,23.45,23.5,23.34,4891341,11417688355000.0,6140.0,3451054,0.7055
2011-06-28,NHPC,EQ,23.5,23.6,24.0,23.45,23.95,23.95,23.68,9683215,22933008050000.0,11488.0,7781232,0.8036
2011-06-29,NHPC,EQ,23.95,24.1,24.15,23.85,23.95,23.95,23.99,3040024,7291765800000.0,5283.0,1375303,0.4524
2011-06-30,NHPC,EQ,23.95,24.0,24.1,23.9,24.05,24.0,23.99,4721670,11329341155000.0,5664.0,3048180,0.6456000000000001
2011-07-01,NHPC,EQ,24.0,24.3,25.05,24.25,24.6,24.6,24.66,4942811,12191115750000.0,8282.0,1847931,0.3739
2011-07-04,NHPC,EQ,24.6,24.75,25.0,24.65,24.95,24.85,24.83,2917580,7243890150000.0,5629.0,1358127,0.46549999999999997
2011-07-05,NHPC,EQ,24.85,25.0,25.15,24.7,24.95,24.9,24.84,1751899,4351647115000.0,3469.0,833884,0.47600000000000003
2011-07-06,NHPC,EQ,24.9,25.0,25.1,24.7,24.75,24.75,24.95,8684277,21669225715000.0,5908.0,7162312,0.8247
2011-07-07,NHPC,EQ,24.75,24.75,25.0,24.75,24.85,24.9,24.89,1823783,4539766690000.0,3446.0,998515,0.5475
2011-07-08,NHPC,EQ,24.9,25.0,25.0,24.65,24.85,24.85,24.87,2312385,5749974185000.0,4561.0,1286073,0.5562
2011-07-11,NHPC,EQ,24.85,24.55,24.9,24.55,24.85,24.8,24.78,2766845,6856752334999.999,5229.0,1524507,0.551
2011-07-12,NHPC,EQ,24.8,24.7,25.05,24.55,24.65,24.7,24.75,8152672,20178156360000.0,7894.0,5685690,0.6973999999999999
2011-07-13,NHPC,EQ,24.7,24.7,25.15,24.7,25.05,25.05,25.02,4425701,11070939620000.0,9814.0,2196237,0.4962
2011-07-14,NHPC,EQ,25.05,25.0,25.5,24.85,24.9,24.95,25.13,7194711,18077521235000.0,11493.0,3227223,0.4486
2011-07-15,NHPC,EQ,24.95,25.0,25.25,24.9,24.9,24.9,25.0,2313717,5783194610000.0,5192.0,734034,0.3173
2011-07-18,NHPC,EQ,24.9,27.0,27.0,24.8,24.9,24.9,24.97,3854766,9625732320000.0,5017.0,1835620,0.47619999999999996
2011-07-19,NHPC,EQ,24.9,25.0,25.0,24.8,24.95,24.95,24.93,2560104,6381109790000.0,8193.0,1231867,0.48119999999999996
2011-07-20,NHPC,EQ,24.95,23.0,25.15,23.0,24.8,24.85,24.9,2651806,6602091930000.0,5085.0,1623365,0.6122
2011-07-21,NHPC,EQ,24.85,24.8,25.1,24.75,25.05,25.05,24.94,3857628,9622666305000.0,4731.0,2328911,0.6037
2011-07-22,NHPC,EQ,25.05,25.0,25.3,25.0,25.05,25.1,25.14,2807325,7056796840000.001,6366.0,1209811,0.43090000000000006
2011-07-25,NHPC,EQ,25.1,24.0,25.15,24.0,25.05,25.05,25.03,1953153,4888407640000.0,3264.0,1297178,0.6641
2011-07-26,NHPC,EQ,25.05,25.05,25.3,24.9,25.1,25.05,25.06,3277416,8211861959999.999,7320.0,1293360,0.3946
2011-07-27,NHPC,EQ,25.05,25.0,25.25,24.95,25.0,25.05,25.06,2300231,5765097010000.0,6846.0,897730,0.39030000000000004
2011-07-28,NHPC,EQ,25.05,25.0,25.05,24.5,24.7,24.7,24.75,6022868,14905747719999.998,13906.0,3014398,0.5005
2011-07-29,NHPC,EQ,24.7,24.75,24.95,24.5,24.65,24.65,24.78,2518068,6238664345000.0,9783.0,1261621,0.501
2011-08-01,NHPC,EQ,24.65,24.65,24.9,24.55,24.75,24.75,24.68,1719164,4243514250000.0,3493.0,812389,0.47250000000000003
2011-08-02,NHPC,EQ,24.75,24.75,25.1,24.4,25.05,24.9,24.71,5172317,12783167215000.0,7458.0,2787866,0.539
2011-08-03,NHPC,EQ,24.9,24.55,25.7,24.55,25.55,25.5,25.28,6833412,17273346785000.0,16492.0,3290160,0.4815
2011-08-04,NHPC,EQ,25.5,25.55,25.9,25.05,25.1,25.15,25.5,3817212,9733326240000.0,10112.0,1357535,0.3556
2011-08-05,NHPC,EQ,25.15,24.55,24.8,24.05,24.6,24.5,24.44,4173126,10200101690000.0,9084.0,1804146,0.43229999999999996
2011-08-08,NHPC,EQ,24.5,24.05,24.3,23.7,24.0,24.1,23.95,3873268,9277049590000.0,8800.0,1928578,0.4979
2011-08-09,NHPC,EQ,24.1,23.7,24.6,23.25,24.15,24.2,24.01,5658482,13583479330000.002,12642.0,2811935,0.4969
2011-08-09,NHPC,EQ,24.1,23.7,24.6,23.25,24.15,24.2,24.01,5658482,13583479330000.002,12642.0,2811935,0.4969
2011-08-10,NHPC,EQ,24.2,24.25,25.6,24.25,25.15,25.2,25.09,7730014,19392133920000.0,18722.0,2145307,0.2775
2011-08-11,NHPC,EQ,25.2,25.3,25.35,24.8,24.85,24.9,25.06,3332965,8350801995000.0,6859.0,1583980,0.47520000000000007
2011-08-12,NHPC,EQ,24.9,25.0,25.25,24.55,25.05,25.05,24.93,3277864,8171185245000.0,6830.0,1818430,0.5548
2011-08-16,NHPC,EQ,25.05,25.0,25.25,24.55,24.85,24.75,24.84,2390474,5937582930000.0,6994.0,1122340,0.46950000000000003
2011-08-17,NHPC,EQ,24.75,24.8,25.0,24.6,24.75,24.75,24.76,2615767,6477634880000.0,7011.0,1483154,0.5670000000000001
2011-08-18,NHPC,EQ,24.75,24.8,24.85,24.1,24.1,24.2,24.36,3189580,7770850584999.999,6460.0,1741318,0.5459
2011-08-19,NHPC,EQ,24.2,23.95,24.05,23.1,23.2,23.2,23.47,5793847,13601004244999.998,10866.0,3370428,0.5817
2011-08-22,NHPC,EQ,23.2,23.25,23.75,23.05,23.6,23.5,23.27,2962844,6895959334999.999,6536.0,1239761,0.41840000000000005
2011-08-23,NHPC,EQ,23.5,23.6,24.15,23.4,24.0,24.0,23.83,2600083,6196318315000.0,7603.0,1132370,0.4355
2011-08-24,NHPC,EQ,24.0,24.0,24.25,23.8,23.8,23.95,24.02,3687330,8856362240000.0,4859.0,1918215,0.5202
2011-08-25,NHPC,EQ,23.95,24.2,24.2,23.55,23.95,24.0,23.92,3802212,9093982860000.0,4840.0,2043777,0.5375
2011-08-26,NHPC,EQ,24.0,23.9,24.25,23.65,23.95,23.9,23.91,4598720,10996271105000.0,6973.0,3143800,0.6836
2011-08-29,NHPC,EQ,23.9,23.7,25.0,23.7,24.3,24.25,24.23,4853691,11762566650000.0,5598.0,3779783,0.7787000000000001
2011-08-30,NHPC,EQ,24.25,24.5,24.6,23.95,24.35,24.3,24.28,2001439,4859938755000.0,4069.0,995524,0.4974
2011-09-02,NHPC,EQ,24.3,24.0,24.2,23.8,24.0,24.0,23.95,2545998,6096419710000.0,5469.0,1514263,0.5948
2011-09-05,NHPC,EQ,24.0,24.1,24.15,23.65,24.05,24.05,23.88,1807646,4317083485000.0,4048.0,920170,0.509
2011-09-06,NHPC,EQ,24.05,24.05,24.1,23.55,23.65,23.7,23.69,3642702,8628490895000.0,4075.0,2637545,0.7241
2011-09-07,NHPC,EQ,23.7,23.8,24.05,23.75,23.9,23.85,23.91,5083104,12152616090000.0,3907.0,3895548,0.7664
2011-09-08,NHPC,EQ,23.85,24.0,24.2,23.85,24.1,24.1,24.0,2607601,6259536075000.0,3752.0,1653695,0.6342
2011-09-09,NHPC,EQ,24.1,24.2,24.65,24.0,24.15,24.2,24.28,4217377,10238595300000.0,5636.0,2833057,0.6718000000000001
2011-09-12,NHPC,EQ,24.2,24.1,24.95,23.75,24.45,24.4,24.36,3308743,8059698305000.0,8705.0,1433010,0.43310000000000004
2011-09-13,NHPC,EQ,24.4,24.5,25.1,24.2,24.35,24.3,24.73,3198256,7908220395000.0,8088.0,1301781,0.40700000000000003
2011-09-14,NHPC,EQ,24.3,24.4,24.75,24.2,24.55,24.55,24.45,1656801,4050821010000.0,3787.0,679688,0.41020000000000006
2011-09-15,NHPC,EQ,24.55,24.6,24.75,24.25,24.5,24.4,24.43,1440932,3520613540000.0,4095.0,712949,0.49479999999999996
2011-09-16,NHPC,EQ,24.4,24.4,24.7,24.0,24.15,24.1,24.3,3395857,8252993415000.001,7618.0,1947422,0.5735
2011-09-19,NHPC,EQ,24.1,24.1,24.65,24.05,24.65,24.5,24.38,2643431,6443428635000.0,4782.0,1687393,0.6383
2011-09-20,NHPC,EQ,24.5,24.55,24.75,24.35,24.65,24.65,24.54,1653343,4057674335000.0,3943.0,773932,0.4681
2011-09-21,NHPC,EQ,24.65,24.0,24.65,24.0,24.5,24.5,24.51,1209613,2964605120000.0,3954.0,570684,0.4718
2011-09-22,NHPC,EQ,24.5,24.2,24.4,24.0,24.05,24.05,24.16,2612726,6311042155000.0,5301.0,1548569,0.5927
2011-09-23,NHPC,EQ,24.05,23.7,23.9,22.95,23.55,23.6,23.65,5107673,12079619520000.0,8842.0,2918998,0.5715
2011-09-26,NHPC,EQ,23.6,23.5,23.7,23.1,23.2,23.3,23.35,1782019,4161465075000.0,4741.0,689400,0.38689999999999997
2011-09-27,NHPC,EQ,23.3,23.6,23.8,23.4,23.75,23.7,23.64,1791260,4234827179999.9995,3975.0,920488,0.5139
2011-09-28,NHPC,EQ,23.7,23.7,23.8,23.4,23.45,23.45,23.56,1055248,2485719405000.0,3174.0,546176,0.5176
2011-09-29,NHPC,EQ,23.45,23.45,23.6,23.15,23.4,23.45,23.36,5757965,13448057215000.0,5941.0,2755275,0.47850000000000004
2011-09-30,NHPC,EQ,23.45,24.15,24.15,23.2,23.65,23.5,23.47,2393122,5615953285000.0,4150.0,1363276,0.5697
2011-10-03,NHPC,EQ,23.5,23.5,23.75,23.1,23.7,23.6,23.41,2121924,4968327730000.0,5053.0,969227,0.4568
2011-10-04,NHPC,EQ,23.6,23.65,23.85,23.3,23.35,23.35,23.55,2257001,5314809310000.0,4392.0,1434075,0.6354
2011-10-05,NHPC,EQ,23.35,23.7,23.95,23.0,23.05,23.05,23.19,3634061,8426240680000.0,5452.0,2652937,0.73
2011-10-07,NHPC,EQ,23.05,23.1,23.55,23.1,23.25,23.25,23.28,4968660,11568828660000.0,5623.0,3297967,0.6638
2011-10-10,NHPC,EQ,23.25,23.2,23.35,23.0,23.1,23.1,23.21,4588746,10652251080000.0,6149.0,3056060,0.6659999999999999
2011-10-11,NHPC,EQ,23.1,23.3,23.55,23.15,23.4,23.4,23.36,3156852,7374868009999.999,4740.0,1600385,0.507
2011-10-12,NHPC,EQ,23.4,23.4,23.85,23.4,23.55,23.6,23.58,4429332,10444489000000.0,4916.0,2638224,0.5956
2011-10-13,NHPC,EQ,23.6,23.65,23.7,23.4,23.4,23.4,23.51,1482124,3483737095000.0005,5732.0,811983,0.5479
2011-10-14,NHPC,EQ,23.4,23.4,23.45,23.25,23.45,23.4,23.36,1297370,3030530575000.0,1983.0,780522,0.6016
2011-10-17,NHPC,EQ,23.4,23.5,23.6,23.15,23.2,23.2,23.32,1435885,3348082735000.0,2683.0,710101,0.49450000000000005
2011-10-18,NHPC,EQ,23.2,23.1,23.3,23.05,23.15,23.1,23.12,1125041,2601269655000.0,2910.0,514445,0.4573
2011-10-19,NHPC,EQ,23.1,23.45,23.45,23.15,23.2,23.2,23.26,1387622,3227225625000.0,2420.0,650920,0.46909999999999996
2011-10-20,NHPC,EQ,23.2,23.2,23.3,23.05,23.3,23.25,23.16,2612909,6051944625000.0,3428.0,1930378,0.7388
2011-10-21,NHPC,EQ,23.25,23.2,23.35,23.0,23.05,23.1,23.21,1569434,3642409200000.0,3426.0,671561,0.4279
2011-10-24,NHPC,EQ,23.1,23.25,23.45,23.15,23.3,23.35,23.33,3086521,7201475609999.999,3153.0,2152464,0.6973999999999999
2011-10-24,NHPC,EQ,23.1,23.25,23.45,23.15,23.3,23.35,23.33,3086521,7201475609999.999,3153.0,2152464,0.6973999999999999
2011-10-25,NHPC,EQ,23.35,23.35,23.45,23.2,23.4,23.35,23.32,2414840,5631986165000.0,3277.0,1532195,0.6345000000000001
2011-10-26,NHPC,EQ,23.35,23.6,23.7,23.35,23.7,23.65,23.62,980025,2314841860000.0,2627.0,573295,0.585
2011-10-28,NHPC,EQ,23.65,23.65,25.1,23.65,24.85,24.85,24.72,10030425,24791503330000.0,19479.0,3365693,0.33549999999999996
2011-10-31,NHPC,EQ,24.85,24.8,25.4,24.7,25.05,25.05,25.13,4315482,10845031995000.0,19642.0,1798585,0.4168
2011-11-01,NHPC,EQ,25.05,25.0,25.25,24.4,24.45,24.5,24.81,4793306,11890364780000.0,10985.0,2471554,0.5156000000000001
2011-11-02,NHPC,EQ,24.5,24.3,24.8,24.3,24.65,24.6,24.65,2537932,6256731525000.0,4341.0,1260375,0.4966
2011-11-03,NHPC,EQ,24.6,24.75,24.9,24.45,24.45,24.5,24.56,3234702,7944432680000.0,4937.0,2030350,0.6277
2011-11-04,NHPC,EQ,24.5,24.75,25.25,24.6,24.85,24.8,24.96,8016695,20008179425000.0,7849.0,4896124,0.6107
2011-11-08,NHPC,EQ,24.8,25.4,25.4,24.3,24.6,24.65,24.63,1636283,4029437640000.0,4267.0,587127,0.3588
2011-11-09,NHPC,EQ,24.65,24.7,24.75,24.15,24.15,24.2,24.4,6384739,15578500860000.0,3457.0,5622646,0.8806
2011-11-11,NHPC,EQ,24.2,24.15,24.2,23.65,23.75,23.7,23.78,12600414,29965608255000.0,5430.0,11568153,0.9181
2011-11-14,NHPC,EQ,23.7,24.0,24.1,23.3,23.3,23.35,23.6,1571473,3708821985000.0,3879.0,830706,0.5286
2011-11-15,NHPC,EQ,23.35,23.4,24.05,23.2,23.75,23.85,23.56,6626579,15615352105000.002,8311.0,4874149,0.7354999999999999
2011-11-16,NHPC,EQ,23.85,23.8,23.8,23.45,23.5,23.6,23.6,2746538,6482125275000.0,3471.0,1968431,0.7167
2011-11-17,NHPC,EQ,23.6,23.6,23.6,23.05,23.1,23.1,23.3,1511861,3523120740000.0,3407.0,831696,0.5501
2011-11-18,NHPC,EQ,23.1,23.1,23.15,22.75,23.0,23.05,22.97,3527573,8103107359999.999,8735.0,2295527,0.6507
2011-11-21,NHPC,EQ,23.05,23.05,23.1,22.5,22.6,22.55,22.76,3008922,6849777200000.0,5020.0,1873722,0.6227
2011-11-22,NHPC,EQ,22.55,22.5,23.1,22.5,22.7,22.75,22.78,2334516,5317073435000.0,3665.0,1331267,0.5703
2011-11-23,NHPC,EQ,22.75,22.45,22.75,22.0,22.55,22.45,22.33,5338861,11923592125000.0,8513.0,3421298,0.6408
2011-11-24,NHPC,EQ,22.45,22.4,22.65,21.85,22.4,22.3,22.3,7486170,16696369410000.0,6821.0,4664048,0.623
2011-11-25,NHPC,EQ,22.3,22.4,22.6,22.1,22.45,22.4,22.46,5474680,12298570055000.0,4376.0,3969467,0.7251000000000001
2011-11-28,NHPC,EQ,22.4,22.45,22.9,22.45,22.85,22.8,22.75,16773265,38154775475000.0,4492.0,15792303,0.9415000000000001
2011-11-29,NHPC,EQ,22.8,22.9,23.05,22.7,22.75,22.8,22.91,2455235,5625278630000.0,4015.0,1414669,0.5761999999999999
2011-11-30,NHPC,EQ,22.8,22.7,23.05,22.35,22.55,22.45,22.67,4797864,10875194860000.0,6717.0,2200992,0.4587
2011-12-01,NHPC,EQ,22.45,23.6,23.6,22.45,22.55,22.65,22.79,3681384,8390407915000.001,5912.0,1943866,0.528
2011-12-02,NHPC,EQ,22.65,22.7,22.95,22.4,22.9,22.85,22.63,3441835,7787660370000.0,5541.0,1810209,0.5259
2011-12-05,NHPC,EQ,22.85,22.85,22.95,22.5,22.75,22.6,22.69,3786656,8593752330000.0,5500.0,2154041,0.5689000000000001
2011-12-07,NHPC,EQ,22.6,22.7,23.0,22.5,22.6,22.6,22.68,4076656,9244516535000.0,4525.0,2375911,0.5828
2011-12-08,NHPC,EQ,22.6,22.6,22.65,22.0,22.2,22.15,22.22,3909266,8685523675000.0,7467.0,2455471,0.6281
2011-12-09,NHPC,EQ,22.15,22.05,22.15,21.8,21.9,21.95,21.94,3033803,6656331870000.0,5539.0,1785482,0.5885
2011-12-12,NHPC,EQ,21.95,22.0,22.25,21.2,21.2,21.5,21.7,3313358,7190961859999.999,5725.0,2128308,0.6423000000000001
2011-12-13,NHPC,EQ,21.5,21.5,21.5,20.2,21.05,21.0,20.65,15174411,31331564975000.0,21344.0,7718853,0.5086999999999999
2011-12-14,NHPC,EQ,21.0,21.0,21.0,20.3,20.3,20.4,20.5,5613933,11508184385000.0,10019.0,3677247,0.655
2011-12-15,NHPC,EQ,20.4,20.2,20.25,19.85,20.1,20.0,19.99,8813665,17617214290000.0,17162.0,5752236,0.6526000000000001
2011-12-16,NHPC,EQ,20.0,20.0,20.4,19.85,19.95,19.95,20.07,4812807,9658763160000.0,13777.0,3152337,0.655
2011-12-19,NHPC,EQ,19.95,20.4,20.4,18.95,19.05,19.1,19.32,11157039,21556150640000.0,13411.0,8040650,0.7206999999999999
2011-12-20,NHPC,EQ,19.1,19.0,19.35,18.35,18.55,18.55,18.75,5068709,9504506445000.0,12000.0,2242165,0.4424
2011-12-21,NHPC,EQ,18.55,19.0,19.2,18.4,18.85,18.75,18.89,4697180,8875275160000.0,10782.0,2196842,0.46770000000000006
2011-12-22,NHPC,EQ,18.75,18.75,19.15,18.35,19.05,19.05,18.85,5165169,9737782630000.0,7518.0,2461781,0.47659999999999997
2011-12-23,NHPC,EQ,19.05,19.2,19.3,19.0,19.05,19.05,19.07,3307176,6307686150000.0,4236.0,1827018,0.5524
2011-12-26,NHPC,EQ,19.05,19.25,19.25,18.85,18.9,18.9,18.98,1505059,2857234330000.0,3542.0,898943,0.5972999999999999
2011-12-27,NHPC,EQ,18.9,19.3,19.3,18.5,18.6,18.7,18.89,3567245,6737518575000.0,6257.0,2400446,0.6729
2011-12-28,NHPC,EQ,18.7,18.7,18.7,18.35,18.45,18.5,18.5,2867294,5305219840000.0,5131.0,1616890,0.5639000000000001
2011-12-29,NHPC,EQ,18.5,18.45,18.6,17.65,17.8,17.9,18.04,10248024,18492466135000.0,9467.0,7694502,0.7508
2011-12-30,NHPC,EQ,17.9,18.2,18.2,17.9,18.1,18.05,18.01,4557338,8206538705000.0,6918.0,2561030,0.562
2012-01-02,NHPC,EQ,18.05,17.5,18.4,17.5,17.9,17.95,18.08,2739896,4953605030000.0,4576.0,1493179,0.545
2012-01-03,NHPC,EQ,17.95,18.05,18.35,18.0,18.25,18.25,18.19,4180954,7604195075000.0,7992.0,1869477,0.4471
2012-01-04,NHPC,EQ,18.25,18.35,19.05,18.25,18.8,18.85,18.69,6180493,11548304410000.0,9828.0,1996571,0.32299999999999995
2012-01-05,NHPC,EQ,18.85,18.7,19.2,18.55,18.6,18.65,18.94,5117014,9693042445000.0,7573.0,2524611,0.49340000000000006
2012-01-06,NHPC,EQ,18.65,18.65,18.7,18.2,18.4,18.3,18.39,5106434,9389991135000.0,10714.0,1985156,0.38880000000000003
2012-01-07,NHPC,EQ,18.3,18.3,18.8,18.25,18.75,18.55,18.47,685272,1265509405000.0,1290.0,350689,0.5118
2012-01-09,NHPC,EQ,18.55,18.0,19.1,18.0,19.0,18.95,18.82,4221339,7943041070000.0,9465.0,1900795,0.45030000000000003
2012-01-10,NHPC,EQ,18.95,19.05,19.65,18.95,19.6,19.55,19.38,5735688,11118443520000.0,9106.0,2687188,0.4685
2012-01-11,NHPC,EQ,19.55,19.55,19.95,19.4,19.7,19.75,19.71,4986321,9827020225000.0,8793.0,2327051,0.4667
2012-01-12,NHPC,EQ,19.75,19.75,20.1,19.35,19.65,19.6,19.69,4280949,8427973850000.0,8109.0,1888498,0.4411
2012-01-13,NHPC,EQ,19.6,19.8,20.95,19.55,20.45,20.4,20.26,9136880,18510007770000.0,12960.0,2574341,0.2818
2012-01-16,NHPC,EQ,20.4,20.3,20.7,20.1,20.55,20.5,20.45,3966356,8110477850000.0,11037.0,1586266,0.39990000000000003
2012-01-17,NHPC,EQ,20.5,20.65,21.15,20.55,20.55,20.6,20.8,6645255,13823113610000.0,12468.0,2994963,0.4507
2012-01-18,NHPC,EQ,20.6,20.7,20.8,20.4,20.65,20.6,20.65,5339253,11026489755000.0,9669.0,2786800,0.5219
2012-01-19,NHPC,EQ,20.6,20.65,20.95,20.6,20.85,20.8,20.8,2798021,5819050580000.0,5304.0,1050849,0.37560000000000004
2012-01-20,NHPC,EQ,20.8,21.05,21.05,20.2,20.4,20.35,20.51,4626234,9486784850000.0,7045.0,2580622,0.5578000000000001
2012-01-23,NHPC,EQ,20.35,20.65,20.65,20.25,20.3,20.25,20.34,4538688,9233282545000.0,4763.0,2762933,0.6088
2012-01-24,NHPC,EQ,20.25,20.0,20.4,20.0,20.2,20.2,20.26,8284650,16780994060000.0,6920.0,5610508,0.6772
2012-01-25,NHPC,EQ,20.2,20.25,20.65,20.2,20.55,20.5,20.42,12160441,24828443125000.0,12109.0,5521102,0.454
2012-01-27,NHPC,EQ,20.5,20.6,21.0,20.25,20.55,20.5,20.64,10821232,22336839880000.0,17338.0,3404354,0.3146
2012-01-30,NHPC,EQ,20.5,20.5,20.6,20.0,20.05,20.05,20.27,4938765,10009517370000.0,8442.0,2690649,0.5448
2012-01-31,NHPC,EQ,20.05,20.3,20.65,20.15,20.55,20.6,20.41,2739543,5590457135000.0,7271.0,1205949,0.44020000000000004
2012-02-01,NHPC,EQ,20.6,20.25,20.95,20.15,20.35,20.3,20.32,11603930,23573582425000.0,15076.0,5283420,0.45530000000000004
2012-02-02,NHPC,EQ,20.3,20.55,20.95,20.3,20.9,20.85,20.66,8927168,18446757965000.0,14956.0,3757776,0.42090000000000005
2012-02-03,NHPC,EQ,20.85,20.9,21.25,20.65,20.95,21.0,20.96,9311632,19517254150000.0,13588.0,4050547,0.435
2012-02-06,NHPC,EQ,21.0,21.2,21.3,20.55,20.6,20.65,20.95,11060079,23170015575000.0,13306.0,4647958,0.4202
2012-02-07,NHPC,EQ,20.65,20.85,20.95,20.3,20.35,20.35,20.65,5610234,11585810665000.0,7437.0,2453054,0.4372
2012-02-08,NHPC,EQ,20.35,20.45,20.8,20.4,20.7,20.7,20.6,2750481,5666297715000.0,4031.0,1492205,0.5425
2012-02-09,NHPC,EQ,20.7,20.65,20.95,20.6,20.9,20.9,20.84,2877262,5997324340000.0,4707.0,1393950,0.48450000000000004
2012-02-10,NHPC,EQ,20.9,20.95,22.1,20.85,21.9,21.85,21.65,15748152,34090709200000.0,24635.0,5389036,0.3422
2012-02-13,NHPC,EQ,21.85,21.95,22.0,21.45,21.5,21.5,21.67,6481533,14043256780000.002,9760.0,2849598,0.4396
2012-02-14,NHPC,EQ,21.5,21.1,21.7,21.1,21.6,21.6,21.59,3471746,7494421755000.0,4998.0,1603089,0.4618
2012-02-15,NHPC,EQ,21.6,21.4,22.5,21.4,22.3,22.35,22.14,9402679,20820263595000.0,14800.0,3562700,0.3789
2012-02-16,NHPC,EQ,22.35,22.5,22.7,22.1,22.35,22.35,22.38,4998563,11186449850000.0,8530.0,1549214,0.3099
2012-02-17,NHPC,EQ,22.35,22.4,22.9,21.8,22.15,22.0,22.45,9358348,21010175565000.0,12801.0,4512898,0.4822
2012-02-21,NHPC,EQ,22.0,22.1,22.45,22.1,22.35,22.25,22.28,3600534,8021647425000.0,7838.0,1403242,0.3897
2012-02-22,NHPC,EQ,22.25,22.0,22.65,21.65,21.75,21.8,22.07,5931808,13090870115000.0,8379.0,1999223,0.337
2012-02-23,NHPC,EQ,21.8,21.5,21.9,21.05,21.25,21.15,21.31,8187606,17444609990000.0,8000.0,3578847,0.43710000000000004
2012-02-24,NHPC,EQ,21.15,21.25,21.5,21.15,21.45,21.3,21.29,3205819,6826112934999.999,6716.0,936330,0.2921
2012-02-27,NHPC,EQ,21.3,21.35,21.7,20.4,20.5,20.6,20.87,4770976,9957691570000.0,10830.0,1737709,0.3642
2012-02-28,NHPC,EQ,20.6,20.5,21.3,20.5,21.25,21.2,21.01,2972224,6243436660000.0,7096.0,1193940,0.4017
2012-02-29,NHPC,EQ,21.2,21.5,21.55,21.05,21.3,21.2,21.33,3614582,7709872245000.0,8722.0,1627594,0.45030000000000003
2012-03-01,NHPC,EQ,21.2,20.7,21.7,20.7,21.6,21.55,21.47,4874585,10465488100000.0,7471.0,2093184,0.4294
2012-03-02,NHPC,EQ,21.55,21.6,21.8,21.1,21.25,21.3,21.35,3792033,8094823259999.999,5203.0,1240092,0.327
2012-03-03,NHPC,EQ,21.3,21.45,21.45,21.15,21.35,21.25,21.24,360144,764861100000.0,707.0,185481,0.515
2012-03-05,NHPC,EQ,21.25,21.05,21.35,20.8,20.8,20.9,20.98,6209725,13029389975000.0,6216.0,2898065,0.4667
2012-03-06,NHPC,EQ,20.9,20.95,21.2,20.5,20.65,20.6,20.88,4208983,8787306775000.0,5494.0,1775153,0.4218
2012-03-07,NHPC,EQ,20.6,20.9,20.9,20.35,20.65,20.55,20.62,4576249,9437652445000.0,7928.0,2139985,0.4676
2012-03-09,NHPC,EQ,20.55,20.75,21.0,20.65,20.95,20.9,20.8,4018883,8360993350000.0,7642.0,1777993,0.4424
2012-03-12,NHPC,EQ,20.9,21.1,21.15,20.8,20.95,21.0,20.99,8295590,17408376450000.0,4750.0,5296540,0.6385000000000001
2012-03-13,NHPC,EQ,21.0,21.2,21.2,20.9,21.05,21.05,21.05,2869022,6039599305000.0,4668.0,1251622,0.4363
2012-03-14,NHPC,EQ,21.05,21.15,21.3,21.0,21.25,21.2,21.15,5189833,10975697795000.0,4863.0,2946382,0.5677000000000001
2012-03-15,NHPC,EQ,21.2,21.2,21.3,20.9,21.05,21.15,21.14,5866760,12402419655000.0,6209.0,3176934,0.5415
2012-03-16,NHPC,EQ,21.15,21.15,21.25,19.1,21.0,21.05,21.05,6401872,13476881050000.0,5964.0,3793370,0.5925
2012-03-19,NHPC,EQ,21.05,20.6,21.1,20.6,20.6,20.65,20.77,1944124,4037562225000.0,6471.0,925067,0.4758
2012-03-20,NHPC,EQ,20.65,20.65,20.75,20.35,20.5,20.5,20.55,2841891,5840679685000.0,7877.0,1485599,0.5228
2012-03-21,NHPC,EQ,20.5,20.95,20.95,20.35,20.45,20.45,20.45,5940371,12147464570000.0,10877.0,4316145,0.7266
2012-03-22,NHPC,EQ,20.45,20.7,20.7,19.9,19.95,20.0,20.39,8436558,17205922090000.0,10274.0,4768731,0.5652
2012-03-23,NHPC,EQ,20.0,19.9,20.2,19.8,20.1,20.0,20.02,3172524,6352380735000.0,5450.0,1195014,0.37670000000000003
2012-03-26,NHPC,EQ,20.0,20.2,20.2,19.7,19.75,19.75,19.86,1629314,3235973365000.0,4086.0,678847,0.41659999999999997
2012-03-27,NHPC,EQ,19.75,20.0,20.0,19.6,19.7,19.65,19.73,2290033,4518084080000.0,5443.0,940749,0.4108
2012-03-28,NHPC,EQ,19.65,19.65,19.8,19.2,19.45,19.35,19.55,5410019,10576942630000.0,7893.0,2526563,0.467
2012-03-29,NHPC,EQ,19.35,19.35,19.9,19.1,19.2,19.35,19.45,7843420,15253809280000.002,7285.0,3364278,0.4289
2012-03-30,NHPC,EQ,19.35,19.4,19.8,19.3,19.8,19.7,19.6,2408020,4720148805000.0,6268.0,1269913,0.5274
2012-04-02,NHPC,EQ,19.7,19.9,20.3,19.55,20.3,20.2,20.01,2914022,5830452405000.0,9392.0,1600122,0.5491
2012-04-03,NHPC,EQ,20.2,20.3,20.75,20.1,20.4,20.5,20.55,4972758,10217157085000.0,9521.0,2305187,0.4636
2012-04-04,NHPC,EQ,20.5,20.4,20.65,20.3,20.45,20.45,20.44,2052117,4193651885000.0,9179.0,569512,0.2775
2012-04-09,NHPC,EQ,20.45,20.4,20.4,20.0,20.05,20.0,20.12,1618287,3256279440000.0,3876.0,685145,0.42340000000000005
2012-04-10,NHPC,EQ,20.0,20.0,20.15,19.85,20.0,20.05,20.0,2907939,5815539390000.0,3931.0,1318538,0.4534
2012-04-11,NHPC,EQ,20.05,20.0,20.15,19.8,19.95,19.95,19.95,1114328,2223063660000.0,6544.0,401381,0.3602
2012-04-12,NHPC,EQ,19.95,20.0,20.2,19.75,19.8,19.85,19.95,2095363,4179497804999.9995,4653.0,1322550,0.6312
2012-04-13,NHPC,EQ,19.85,19.8,20.1,19.6,19.7,19.65,19.85,2665610,5290469370000.0,4110.0,1529449,0.5738000000000001
2012-04-16,NHPC,EQ,19.65,19.65,19.75,19.55,19.6,19.6,19.61,2335539,4579992440000.0,3042.0,1474481,0.6313000000000001
2012-04-17,NHPC,EQ,19.6,19.7,19.7,19.5,19.6,19.6,19.6,4909025,9621731975000.0,4369.0,3024732,0.6162
2012-04-18,NHPC,EQ,19.6,19.6,19.85,19.55,19.65,19.7,19.76,1956507,3866907995000.0005,2995.0,1368081,0.6992
2012-04-19,NHPC,EQ,19.7,19.85,20.1,19.7,19.8,19.8,19.85,3853268,7649465680000.0,5496.0,1950674,0.5062
2012-04-20,NHPC,EQ,19.8,19.8,19.9,19.5,19.55,19.55,19.63,3054242,5994775465000.0,5468.0,1913748,0.6265999999999999
2012-04-23,NHPC,EQ,19.55,19.55,19.7,19.05,19.05,19.15,19.38,2417775,4685530670000.0,5404.0,1294517,0.5354
2012-04-24,NHPC,EQ,19.15,19.25,19.3,19.05,19.25,19.25,19.21,3428380,6586225640000.0,11723.0,2344459,0.6838
2012-04-25,NHPC,EQ,19.25,19.35,19.4,19.05,19.25,19.25,19.25,2780851,5352647980000.0,4566.0,1474209,0.5301
2012-04-26,NHPC,EQ,19.25,19.35,19.35,18.5,18.7,18.65,18.77,9827832,18447870985000.0,10201.0,6974861,0.7097
2012-04-27,NHPC,EQ,18.65,18.85,18.9,18.65,18.75,18.7,18.77,1901165,3569122185000.0,3452.0,666268,0.3505
2012-04-28,NHPC,EQ,18.7,18.7,18.9,18.65,18.85,18.85,18.79,217901,409422710000.0,545.0,144291,0.6622
2012-04-30,NHPC,EQ,18.85,18.6,19.05,18.2,18.95,18.9,18.93,2451360,4640512645000.0,3410.0,1205186,0.4916
2012-05-02,NHPC,EQ,18.9,19.1,19.1,18.75,18.8,18.8,18.91,1952940,3692966640000.0,5590.0,870465,0.4457
2012-05-03,NHPC,EQ,18.8,18.5,18.85,18.5,18.75,18.65,18.73,1702343,3188466690000.0,4057.0,883574,0.519
2012-05-04,NHPC,EQ,18.65,18.75,18.75,18.05,18.25,18.3,18.34,3135612,5750788845000.0,7387.0,1532987,0.4889
2012-05-07,NHPC,EQ,18.3,18.3,18.9,17.95,18.75,18.75,18.34,4704726,8627479680000.0,8649.0,2143169,0.45549999999999996
2012-05-08,NHPC,EQ,18.75,18.85,18.9,18.45,18.5,18.55,18.67,5348920,9987697695000.0,5821.0,3456461,0.6462000000000001
2012-05-09,NHPC,EQ,18.55,18.5,18.6,18.2,18.35,18.35,18.4,1228360,2260410930000.0,3294.0,573843,0.4672
2012-05-10,NHPC,EQ,18.35,18.4,18.55,17.95,18.05,18.05,18.21,5856468,10663854875000.0,10373.0,2756996,0.4708
2012-05-11,NHPC,EQ,18.05,18.1,18.15,17.85,18.05,18.0,17.99,3898152,7012874555000.0,8629.0,2069992,0.531
2012-05-14,NHPC,EQ,18.0,18.1,18.35,18.1,18.15,18.25,18.24,3620225,6602559585000.0,3784.0,1724916,0.4765
2012-05-15,NHPC,EQ,18.25,18.2,18.35,18.05,18.3,18.3,18.27,1496285,2733620525000.0,2628.0,766337,0.5122
2012-05-16,NHPC,EQ,18.3,18.3,18.3,17.85,17.9,17.9,18.08,3714739,6716552759999.999,5825.0,2149475,0.5786
2012-05-17,NHPC,EQ,17.9,17.15,18.25,17.15,17.65,17.65,17.78,3679037,6540420985000.0,7246.0,2166716,0.5889
2012-05-18,NHPC,EQ,17.65,17.6,17.8,17.4,17.75,17.75,17.57,2423395,4257715050000.0,5420.0,1239241,0.5114
2012-05-21,NHPC,EQ,17.75,17.75,18.2,17.75,18.15,18.1,18.04,1712369,3089632545000.0,4517.0,771397,0.45049999999999996
2012-05-22,NHPC,EQ,18.1,18.2,18.35,18.05,18.25,18.15,18.22,1446968,2635985500000.0,3325.0,562327,0.3886
2012-05-23,NHPC,EQ,18.15,18.15,18.25,17.95,18.0,18.05,18.07,1233641,2229160845000.0,3508.0,509713,0.4132
2012-05-24,NHPC,EQ,18.05,18.15,18.25,17.9,18.2,18.15,18.07,1196096,2161506195000.0,3142.0,443943,0.3712
2012-05-25,NHPC,EQ,18.15,18.2,19.45,18.15,19.25,18.9,18.66,4519987,8436066484999.999,7366.0,2208217,0.48850000000000005
2012-05-28,NHPC,EQ,18.9,19.65,19.85,18.8,18.95,18.95,19.04,6567559,12504888395000.0,8925.0,2152224,0.32770000000000005
2012-05-29,NHPC,EQ,18.95,19.05,19.15,18.85,19.0,19.0,19.02,2242067,4265227365000.0,4776.0,881472,0.3932
2012-05-30,NHPC,EQ,19.0,18.95,19.0,18.7,18.75,18.8,18.85,1684091,3174408485000.0,3889.0,601113,0.3569
2012-05-31,NHPC,EQ,18.8,18.8,18.95,18.05,18.25,18.3,18.48,11929665,22050162280000.0,7728.0,7531641,0.6313000000000001
2012-06-01,NHPC,EQ,18.3,18.3,18.35,18.05,18.1,18.1,18.17,1886324,3427668500000.0,5143.0,875697,0.4642
2012-06-04,NHPC,EQ,18.1,18.2,18.2,17.95,18.1,18.15,18.07,1309823,2366477685000.0,3341.0,682405,0.521
2012-06-05,NHPC,EQ,18.15,18.15,18.4,17.95,18.05,18.05,18.15,1487246,2699981685000.0,4371.0,818590,0.5504
2012-06-06,NHPC,EQ,18.05,18.15,18.45,18.1,18.35,18.4,18.29,3099833,5668338595000.0,5758.0,1640666,0.5293
2012-06-07,NHPC,EQ,18.4,18.5,18.65,18.25,18.3,18.3,18.38,2360799,4339408429999.9995,4698.0,1306710,0.5535
2012-06-08,NHPC,EQ,18.3,18.65,18.65,18.15,18.3,18.3,18.32,2852841,5225040320000.0,5191.0,906627,0.3178
2012-06-11,NHPC,EQ,18.3,19.0,19.0,18.35,18.4,18.45,18.62,3446660,6416864855000.0,5782.0,1428699,0.41450000000000004
2012-06-12,NHPC,EQ,18.45,18.6,18.6,18.3,18.5,18.5,18.42,1299859,2394121620000.0,5000.0,564795,0.43450000000000005
2012-06-13,NHPC,EQ,18.5,18.45,18.75,18.45,18.45,18.45,18.58,2134486,3965766010000.0,3560.0,816814,0.38270000000000004
2012-06-14,NHPC,EQ,18.45,18.45,18.6,18.2,18.2,18.25,18.38,1107995,2036987760000.0002,6041.0,429757,0.3879
2012-06-15,NHPC,EQ,18.25,18.7,18.7,18.15,18.35,18.35,18.34,1293242,2372284675000.0,5865.0,659596,0.51
2012-06-18,NHPC,EQ,18.35,18.35,18.55,17.8,17.9,17.85,18.1,5648131,10220444330000.0,6601.0,3290335,0.5826
2012-06-19,NHPC,EQ,17.85,17.8,17.95,17.65,17.8,17.7,17.76,5686283,10098586265000.0,5898.0,3139494,0.5521
2012-06-20,NHPC,EQ,17.7,18.5,18.5,17.75,18.1,18.1,18.01,2274471,4096306804999.9995,4478.0,1131196,0.49729999999999996
2012-06-21,NHPC,EQ,18.1,18.15,18.2,17.85,18.15,18.1,18.0,2568243,4622087950000.0,3882.0,772831,0.3009
2012-06-22,NHPC,EQ,18.1,18.1,18.15,17.7,18.0,18.05,18.02,2069575,3728540545000.0005,4424.0,870170,0.4205
2012-06-25,NHPC,EQ,18.05,18.45,18.45,18.0,18.1,18.05,18.17,1779962,3235001545000.0,4634.0,755887,0.4247
2012-06-26,NHPC,EQ,18.05,17.95,18.2,17.95,18.1,18.15,18.12,1514362,2743554430000.0,3419.0,697714,0.4607
2012-06-27,NHPC,EQ,18.15,18.4,18.4,18.1,18.25,18.25,18.2,1783725,3247064070000.0,2942.0,1035346,0.5804
2012-06-28,NHPC,EQ,18.25,18.25,18.35,17.75,17.9,17.9,17.95,11537063,20712153580000.0,6508.0,8000949,0.6935
2012-06-29,NHPC,EQ,17.9,17.95,18.3,17.95,18.25,18.25,18.18,3386980,6156869385000.0,5266.0,1948204,0.5752
2012-07-02,NHPC,EQ,18.25,18.35,18.6,18.2,18.5,18.45,18.43,5060356,9327451235000.0,7787.0,2624589,0.5186999999999999
2012-07-03,NHPC,EQ,18.45,18.65,18.7,18.5,18.65,18.6,18.62,2422956,4510680700000.0,4538.0,877806,0.36229999999999996
2012-07-04,NHPC,EQ,18.6,18.65,19.0,18.6,19.0,18.95,18.86,4576760,8631864895000.0,8074.0,1613366,0.3525
2012-07-05,NHPC,EQ,18.95,19.1,19.25,18.95,19.2,19.2,19.14,6267204,11998275930000.0,7954.0,2728994,0.4354
2012-07-06,NHPC,EQ,19.2,19.1,19.3,18.85,19.05,19.0,19.0,2428012,4612708645000.0,5703.0,762618,0.3141
2012-07-09,NHPC,EQ,19.0,18.9,19.0,18.6,18.65,18.65,18.74,2073382,3885635110000.0,4899.0,798931,0.38530000000000003
2012-07-10,NHPC,EQ,18.65,18.65,18.85,18.65,18.75,18.75,18.73,1832454,3432795129999.9995,3768.0,736661,0.402
2012-07-11,NHPC,EQ,18.75,18.75,18.8,18.6,18.6,18.65,18.69,2109708,3943354165000.0,3487.0,915933,0.43420000000000003
2012-07-12,NHPC,EQ,18.65,19.15,19.15,18.45,18.55,18.55,18.55,1412359,2619891705000.0,3709.0,556364,0.39390000000000003
2012-07-13,NHPC,EQ,18.55,18.6,18.7,18.5,18.6,18.55,18.58,1617345,3004524085000.0,2877.0,648862,0.4012
2012-07-16,NHPC,EQ,18.55,19.4,19.4,18.25,18.3,18.3,18.4,1958444,3603770260000.0,5005.0,809686,0.41340000000000005
2012-07-17,NHPC,EQ,18.3,18.5,18.5,18.35,18.45,18.4,18.41,2404323,4425732150000.0,4401.0,1118351,0.4651
2012-07-18,NHPC,EQ,18.4,18.45,18.55,18.3,18.5,18.5,18.43,1878159,3462231510000.0,4508.0,1029007,0.5479
2012-07-19,NHPC,EQ,18.5,18.65,18.65,18.5,18.65,18.6,18.59,1431816,2662256565000.0,2837.0,674129,0.4708
2012-07-20,NHPC,EQ,18.6,18.6,18.6,18.4,18.45,18.45,18.46,895802,1653262160000.0,3070.0,367987,0.4108
2012-07-23,NHPC,EQ,18.45,18.4,18.45,18.25,18.35,18.35,18.36,1752047,3217276260000.0,4672.0,876633,0.5003
2012-07-24,NHPC,EQ,18.35,18.25,18.35,18.2,18.25,18.25,18.26,1630148,2976248175000.0,4974.0,774750,0.4753
2012-07-25,NHPC,EQ,18.25,18.2,18.3,18.0,18.15,18.15,18.12,1676962,3039142695000.0,4277.0,639512,0.3814
2012-07-26,NHPC,EQ,18.15,18.15,18.15,17.75,17.8,17.8,17.91,4545617,8139737455000.0,6327.0,2603781,0.5728
2012-07-27,NHPC,EQ,17.8,17.9,18.15,17.8,17.8,17.8,17.94,1994416,3578978060000.0,5584.0,1051095,0.527
2012-07-30,NHPC,EQ,17.8,18.0,18.15,17.85,18.1,18.1,17.99,1990686,3581948185000.0,5224.0,1041994,0.5234000000000001
2012-07-31,NHPC,EQ,18.1,18.2,18.3,17.95,18.25,18.25,18.14,2870407,5206149545000.0,3976.0,1455358,0.507
2012-08-01,NHPC,EQ,18.25,18.3,18.3,17.7,17.95,17.9,17.91,5649836,10116297505000.0,8863.0,3199186,0.5662
2012-08-02,NHPC,EQ,17.9,18.6,18.6,17.85,18.15,18.0,17.99,1784399,3209450045000.0,2830.0,1161146,0.6507
2012-08-03,NHPC,EQ,18.0,18.0,18.05,17.85,18.05,18.0,17.9,2684562,4806142620000.0,2514.0,2024470,0.7541
2012-08-06,NHPC,EQ,18.0,18.2,18.2,17.95,18.0,18.0,18.04,2776522,5008857065000.0,3374.0,1524045,0.5489
2012-08-07,NHPC,EQ,18.0,18.0,18.35,17.9,18.1,18.05,18.11,5668938,10267562865000.0,6544.0,1551084,0.2736
2012-08-08,NHPC,EQ,18.05,18.05,18.35,18.0,18.2,18.2,18.11,5327714,9646096160000.0,7023.0,3135470,0.5885
2012-08-09,NHPC,EQ,18.2,18.2,18.65,18.15,18.45,18.5,18.47,4652746,8593285170000.0,6038.0,2248613,0.4833
2012-08-10,NHPC,EQ,18.5,18.5,18.55,18.35,18.5,18.45,18.44,1606167,2962330480000.0,3016.0,891969,0.5553
2012-08-13,NHPC,EQ,18.45,18.5,18.5,18.15,18.25,18.35,18.32,2275066,4167871835000.0,3724.0,1195129,0.5253
2012-08-14,NHPC,EQ,18.35,18.3,18.6,18.2,18.6,18.55,18.42,2374849,4374467160000.0,4079.0,1585248,0.6675
2012-08-16,NHPC,EQ,18.55,18.6,18.7,18.45,18.5,18.5,18.52,2219993,4110772440000.0,3199.0,1439911,0.6486
2012-08-17,NHPC,EQ,18.5,18.7,18.7,18.5,18.5,18.5,18.52,1861073,3446139835000.0,3266.0,982758,0.5281
2012-08-21,NHPC,EQ,18.5,18.5,18.6,18.5,18.55,18.55,18.52,1534310,2841804275000.0,4070.0,928623,0.6052000000000001
2012-08-22,NHPC,EQ,18.55,18.55,18.55,18.3,18.4,18.3,18.43,4179647,7701231775000.0,4824.0,2293588,0.5488000000000001
2012-08-23,NHPC,EQ,18.3,18.55,18.55,18.2,18.3,18.3,18.32,2269822,4158315529999.9995,4662.0,1294601,0.5704
2012-08-24,NHPC,EQ,18.3,18.3,18.3,18.15,18.2,18.2,18.2,1894991,3448664145000.0005,3528.0,1072360,0.5659000000000001
2012-08-27,NHPC,EQ,18.2,18.25,18.3,17.95,18.3,18.1,18.12,3638528,6594139730000.0,4789.0,1877836,0.5161
2012-08-28,NHPC,EQ,18.1,18.2,18.3,17.7,17.8,17.8,17.98,7639905,13740179310000.0,7431.0,4781646,0.6259
2012-08-29,NHPC,EQ,17.8,17.8,18.2,17.75,18.15,18.1,18.01,6230665,11220803690000.0,4999.0,3946615,0.6334000000000001
2012-08-30,NHPC,EQ,18.1,18.2,18.45,18.0,18.35,18.3,18.2,7952806,14477007875000.0,5127.0,5122820,0.6442
2012-08-31,NHPC,EQ,18.3,17.8,18.0,17.45,17.9,17.9,17.8,6131006,10914578895000.0,5351.0,3899447,0.636
2012-09-03,NHPC,EQ,17.9,18.05,18.1,17.75,17.8,17.8,17.9,2352433,4210072795000.0005,2700.0,1354111,0.5756
2012-09-04,NHPC,EQ,17.8,17.8,17.9,17.75,17.75,17.8,17.8,2412773,4295202190000.0,4644.0,1391248,0.5766
2012-09-05,NHPC,EQ,17.8,17.8,17.8,17.6,17.7,17.6,17.68,1497934,2648885915000.0,2607.0,1018414,0.6799
2012-09-06,NHPC,EQ,17.6,17.6,17.7,17.6,17.65,17.6,17.65,832271,1468648045000.0,2150.0,355792,0.4275
2012-09-07,NHPC,EQ,17.6,17.7,17.9,17.6,17.85,17.8,17.8,1857998,3306625065000.0,4167.0,1033028,0.556
2012-09-08,NHPC,EQ,17.8,17.7,17.85,17.7,17.8,17.8,17.82,172966,308262920000.0,279.0,76415,0.4418
2012-09-10,NHPC,EQ,17.8,17.75,17.85,17.6,17.65,17.65,17.71,2453692,4345818085000.0,2831.0,1278594,0.5211
2012-09-11,NHPC,EQ,17.65,17.65,17.65,17.5,17.6,17.6,17.59,5790477,10183964465000.0,3697.0,4516432,0.78
2012-09-12,NHPC,EQ,17.6,17.65,17.8,17.4,17.55,17.5,17.53,6947342,12175458595000.0,6174.0,3995744,0.5751
2012-09-13,NHPC,EQ,17.5,17.55,17.6,17.3,17.4,17.4,17.46,9910298,17306323450000.0,16609.0,5369520,0.5418000000000001
2012-09-14,NHPC,EQ,17.4,17.6,17.65,17.45,17.65,17.6,17.6,3723402,6551928625000.0,6734.0,1777187,0.4773
2012-09-17,NHPC,EQ,17.6,17.65,18.1,17.6,18.0,18.0,17.93,4992276,8952239280000.0,7180.0,2307748,0.4623
2012-09-18,NHPC,EQ,18.0,18.05,18.75,17.95,18.7,18.6,18.44,4945908,9122285560000.0,8995.0,2175100,0.43979999999999997
2012-09-20,NHPC,EQ,18.6,18.45,18.7,18.1,18.1,18.15,18.34,5705075,10460509745000.0,6901.0,2527893,0.44310000000000005
2012-09-21,NHPC,EQ,18.15,18.25,18.75,18.15,18.3,18.5,18.49,13412598,24805714380000.0,11722.0,7622071,0.5683
2012-09-24,NHPC,EQ,18.5,18.5,19.05,18.4,18.9,18.85,18.82,16341638,30750062589999.996,14209.0,8686024,0.5315
2012-09-25,NHPC,EQ,18.85,18.9,19.6,18.85,19.6,19.5,19.26,13557222,26104553225000.0,12800.0,5824436,0.42960000000000004
2012-09-26,NHPC,EQ,19.5,19.65,19.7,19.25,19.4,19.45,19.44,8964184,17427243400000.0,11175.0,3807358,0.4247
2012-09-27,NHPC,EQ,19.45,19.75,19.75,18.7,19.25,19.05,19.11,11864196,22673144150000.0,9124.0,4619202,0.3893
2012-09-28,NHPC,EQ,19.05,19.35,19.45,19.1,19.35,19.3,19.31,7356562,14208626230000.002,9358.0,2662957,0.36200000000000004
2012-10-01,NHPC,EQ,19.3,19.5,19.9,19.3,19.85,19.8,19.61,5247186,10288949100000.0,8024.0,2238916,0.4267
2012-10-03,NHPC,EQ,19.8,19.75,20.3,19.7,20.1,20.05,20.07,8053326,16162486715000.0,11355.0,3265575,0.40549999999999997
2012-10-04,NHPC,EQ,20.05,20.25,20.5,19.9,20.2,20.2,20.21,6259454,12648841865000.0,12740.0,2494534,0.3985
2012-10-05,NHPC,EQ,20.2,20.25,20.5,19.8,20.1,20.15,20.03,5481781,10982586750000.0,7554.0,2690664,0.4908
2012-10-08,NHPC,EQ,20.15,20.15,21.1,19.95,20.95,20.95,20.72,15391693,31896867475000.0,19592.0,4940810,0.321
2012-10-09,NHPC,EQ,20.95,21.0,21.95,20.65,21.35,21.35,21.1,14558940,30714433575000.0,22271.0,4799731,0.3297
2012-10-10,NHPC,EQ,21.35,21.2,21.45,20.75,20.8,20.85,21.04,15745907,33124170130000.0,19732.0,8481920,0.5387
2012-10-11,NHPC,EQ,20.85,20.9,21.3,20.5,21.25,21.25,20.95,8717117,18260671755000.0,14374.0,3669152,0.42090000000000005
2012-10-12,NHPC,EQ,21.25,21.2,21.6,20.95,21.25,21.2,21.29,11067582,23563308080000.0,14577.0,4018330,0.36310000000000003
2012-10-15,NHPC,EQ,21.2,21.25,21.95,21.1,21.3,21.25,21.48,10636437,22847650205000.0,12587.0,3001082,0.2822
2012-10-16,NHPC,EQ,21.25,21.25,21.45,21.0,21.1,21.15,21.2,8714022,18470702595000.0,11942.0,3203992,0.3677
2012-10-17,NHPC,EQ,21.15,22.8,22.8,20.8,21.2,21.2,21.1,5658196,11941232420000.0,9716.0,2339710,0.41350000000000003
2012-10-18,NHPC,EQ,21.2,21.2,22.25,21.15,22.0,22.05,21.85,11817411,25816819705000.0,17982.0,4455168,0.37700000000000006
2012-10-19,NHPC,EQ,22.05,22.0,22.3,21.65,22.1,22.1,21.96,8582206,18845482350000.0,9469.0,3549575,0.4136
2012-10-22,NHPC,EQ,22.1,22.05,22.15,21.7,21.85,21.85,21.9,7333755,16060916900000.0,6951.0,3830732,0.5223
2012-10-23,NHPC,EQ,21.85,23.0,23.0,21.2,21.6,21.55,21.6,13290351,28712040155000.0,10919.0,6948602,0.5228
2012-10-25,NHPC,EQ,21.55,21.6,21.9,21.25,21.8,21.7,21.5,17074527,36702680255000.0,9991.0,10102349,0.5917
2012-10-26,NHPC,EQ,21.7,21.6,22.1,21.25,21.4,21.5,21.59,15119042,32648441760000.004,10088.0,9550873,0.6317
2012-10-29,NHPC,EQ,21.5,21.4,21.6,21.2,21.45,21.45,21.42,5134227,10996328220000.0,6063.0,2579224,0.5024000000000001
2012-10-30,NHPC,EQ,21.45,21.5,21.7,21.15,21.45,21.45,21.45,3804981,8162454995000.0,7800.0,1771875,0.4657
2012-10-31,NHPC,EQ,21.45,21.45,21.75,21.15,21.5,21.55,21.48,7102277,15253486390000.0,12161.0,2640750,0.3718
2012-11-01,NHPC,EQ,21.55,21.4,21.75,21.3,21.7,21.7,21.5,4195099,9018712900000.0,6847.0,2084810,0.49700000000000005
2012-11-02,NHPC,EQ,21.7,21.75,22.2,21.6,22.0,22.0,21.91,6819683,14942380730000.002,11680.0,2833338,0.4155
2012-11-05,NHPC,EQ,22.0,22.0,22.4,21.8,22.0,22.05,22.06,5665329,12495461610000.0,10743.0,1776390,0.3136
2012-11-06,NHPC,EQ,22.05,22.2,22.45,21.9,22.3,22.35,22.24,13681353,30425481525000.0,10925.0,7463280,0.5455
2012-11-07,NHPC,EQ,22.35,18.75,22.6,18.75,22.3,22.25,22.4,8521465,19091813895000.0,9366.0,5403709,0.6341
2012-11-08,NHPC,EQ,22.25,22.0,22.35,22.0,22.15,22.15,22.19,4487984,9960009810000.0,5254.0,3076679,0.6855
2012-11-09,NHPC,EQ,22.15,21.05,22.3,21.05,22.0,21.95,22.06,2556999,5640729830000.0,4521.0,1440726,0.5634
2012-11-12,NHPC,EQ,21.95,22.05,22.3,21.95,22.25,22.2,22.09,8438898,18644248615000.0,5071.0,5626531,0.6667000000000001
2012-11-13,NHPC,EQ,22.2,22.5,22.6,22.2,22.35,22.3,22.31,1929223,4304847854999.9995,2898.0,750019,0.38880000000000003
2012-11-15,NHPC,EQ,22.3,22.2,22.8,22.05,22.65,22.65,22.5,9843830,22149302540000.0,10383.0,4686503,0.4761
2012-11-16,NHPC,EQ,22.65,22.7,23.05,22.55,22.65,22.65,22.79,7085848,16148580805000.002,11475.0,3151744,0.4448
2012-11-19,NHPC,EQ,22.65,22.6,22.75,22.4,22.65,22.6,22.58,7731798,17458790269999.998,5265.0,2712081,0.3508
2012-11-20,NHPC,EQ,22.6,22.65,22.8,22.25,22.45,22.5,22.51,8134928,18314939635000.0,7779.0,3887890,0.4779
2012-11-21,NHPC,EQ,22.5,22.5,23.0,22.35,22.9,22.9,22.68,8688603,19709695805000.0,11191.0,2971652,0.342
2012-11-22,NHPC,EQ,22.9,23.0,23.1,22.65,22.75,22.8,22.82,10428167,23799613185000.0,10059.0,4499288,0.4315
2012-11-23,NHPC,EQ,22.8,22.75,23.2,22.55,23.0,23.05,22.92,8003944,18341967675000.0,7575.0,3428849,0.42840000000000006
2012-11-26,NHPC,EQ,23.05,23.1,23.2,22.95,23.05,23.05,23.06,8692522,20041859365000.0,7347.0,4373533,0.5031
2012-11-27,NHPC,EQ,23.05,23.1,23.8,22.9,23.35,23.4,23.28,14892979,34672410764999.996,15967.0,5929808,0.3982
2012-11-29,NHPC,EQ,23.4,23.45,23.7,22.4,22.45,22.6,22.8,29818734,67985941425000.0,16699.0,12381400,0.4152
2012-11-30,NHPC,EQ,22.6,22.6,23.45,22.4,23.35,23.25,23.04,12072507,27814714450000.0,11271.0,6191224,0.5128
2012-12-03,NHPC,EQ,23.25,23.4,24.15,23.25,23.5,23.5,23.66,9532231,22557774210000.0,9079.0,3033962,0.31829999999999997
2012-12-04,NHPC,EQ,23.5,23.85,23.9,23.45,23.6,23.55,23.61,8912551,21038545630000.0,6922.0,4926282,0.5527000000000001
2012-12-05,NHPC,EQ,23.55,23.55,24.0,23.55,23.8,23.8,23.85,7571601,18057444100000.0,9247.0,2368218,0.3128
2012-12-06,NHPC,EQ,23.8,24.0,24.25,23.5,24.0,24.05,23.84,7918517,18880534400000.0,8529.0,2665990,0.3367
2012-12-07,NHPC,EQ,24.05,24.25,24.5,23.5,23.6,23.6,23.98,13223625,31716495195000.0,17397.0,4124154,0.3119
2012-12-10,NHPC,EQ,23.6,23.75,23.75,23.4,23.6,23.55,23.58,3784481,8922438920000.0,6982.0,1619258,0.4279
2012-12-11,NHPC,EQ,23.55,23.75,23.85,23.1,23.4,23.3,23.34,10471320,24443779055000.0,9822.0,5421184,0.5177
2012-12-12,NHPC,EQ,23.3,23.3,23.75,23.2,23.5,23.45,23.37,3545482,8287227250000.0,4488.0,1514707,0.4272
2012-12-13,NHPC,EQ,23.45,23.5,23.6,23.3,23.35,23.35,23.43,2702974,6331752825000.0,2971.0,1460533,0.5403
2012-12-14,NHPC,EQ,23.35,23.25,23.7,23.15,23.6,23.6,23.45,6175334,14478395569999.998,7171.0,2613045,0.42310000000000003
2012-12-17,NHPC,EQ,23.6,23.55,24.55,23.45,24.4,24.4,24.14,13555311,32717196475000.0,14857.0,5143226,0.37939999999999996
2012-12-18,NHPC,EQ,24.4,24.5,24.85,24.15,24.65,24.55,24.54,9470243,23241627690000.0,11505.0,4005063,0.4229
2012-12-19,NHPC,EQ,24.55,24.7,24.8,23.95,24.0,24.05,24.28,7361538,17871020240000.0,9186.0,3946295,0.5361
2012-12-20,NHPC,EQ,24.05,24.0,24.2,23.7,23.75,23.8,23.87,17237708,41138008805000.0,11368.0,12798479,0.7425
2012-12-21,NHPC,EQ,23.8,23.8,23.8,23.55,23.65,23.7,23.68,14163230,33543859035000.004,5444.0,9716518,0.6859999999999999
2012-12-24,NHPC,EQ,23.7,23.3,24.2,23.0,24.05,24.1,23.88,14385644,34355499489999.996,6233.0,8619190,0.5992000000000001
2012-12-26,NHPC,EQ,24.1,24.1,24.6,23.8,24.6,24.45,24.12,18852158,45478001870000.0,12963.0,8045679,0.4268
2012-12-27,NHPC,EQ,24.45,24.5,25.75,24.5,25.3,25.6,25.44,90544116,230360163394999.97,40840.0,29809917,0.32920000000000005
2012-12-28,NHPC,EQ,25.6,25.35,26.05,25.15,25.55,25.6,25.64,22672207,58138645504999.99,23111.0,8098032,0.3572
2012-12-31,NHPC,EQ,25.6,25.6,25.85,25.35,25.45,25.45,25.5,22508852,57391530779999.99,8610.0,15036627,0.668
2013-01-01,NHPC,EQ,25.45,25.5,25.75,25.3,25.35,25.35,25.45,6672496,16983941810000.0,8570.0,2838554,0.4254
2013-01-02,NHPC,EQ,25.35,25.55,25.55,25.15,25.25,25.25,25.28,11278472,28506748325000.0,7694.0,7858723,0.6968000000000001
2013-01-03,NHPC,EQ,25.25,25.15,25.35,25.05,25.1,25.1,25.13,23222714,58366528965000.0,7403.0,16114568,0.6939000000000001
2013-01-04,NHPC,EQ,25.1,25.05,25.35,24.9,25.15,25.15,25.14,8211209,20641373690000.0,7664.0,4505698,0.5487
2013-01-07,NHPC,EQ,25.15,24.95,25.25,24.9,24.95,24.9,24.96,49169626,122735466815000.02,8899.0,39318152,0.7996
2013-01-08,NHPC,EQ,24.9,25.0,25.15,24.8,25.1,25.0,24.97,3566278,8905039210000.0,5542.0,1805671,0.5063000000000001
2013-01-09,NHPC,EQ,25.0,25.1,25.6,24.9,25.35,25.35,25.01,30913908,77330058365000.0,8528.0,23253181,0.7522
2013-01-10,NHPC,EQ,25.35,25.45,26.05,25.35,25.9,25.95,25.84,25630062,66229357820000.01,20495.0,14741466,0.5752
2013-01-11,NHPC,EQ,25.95,26.0,26.25,25.35,25.7,25.7,25.76,8140743,20970154280000.0,9171.0,2933714,0.3604
2013-01-14,NHPC,EQ,25.7,25.65,26.0,25.4,25.65,25.7,25.71,3710523,9537933640000.0,4951.0,1427180,0.3846
2013-01-15,NHPC,EQ,25.7,25.7,25.75,25.35,25.5,25.5,25.5,6319074,16112275700000.0,5205.0,3610434,0.5714
2013-01-16,NHPC,EQ,25.5,25.6,25.6,25.25,25.3,25.35,25.41,9447614,24007836490000.0,7279.0,6556695,0.6940000000000001
2013-01-17,NHPC,EQ,25.35,25.35,25.85,25.3,25.6,25.55,25.55,4183784,10688992945000.0,8142.0,1702840,0.40700000000000003
2013-01-18,NHPC,EQ,25.55,25.65,26.25,25.55,26.1,26.05,25.91,17120404,44351178070000.0,13764.0,12223202,0.7140000000000001
2013-01-21,NHPC,EQ,26.05,26.2,26.6,26.05,26.45,26.4,26.26,10848054,28492377100000.0,11408.0,5964205,0.5498
2013-01-22,NHPC,EQ,26.4,26.45,26.55,26.05,26.15,26.15,26.3,4785982,12585444005000.0,8889.0,1947630,0.4069
2013-01-23,NHPC,EQ,26.15,26.25,26.5,25.95,26.45,26.3,26.23,11394495,29882653960000.004,10046.0,5993038,0.526
2013-01-24,NHPC,EQ,26.3,26.4,26.5,25.9,25.9,25.95,26.16,14401488,37669393925000.0,10828.0,8063676,0.5599000000000001
2013-01-25,NHPC,EQ,25.95,26.05,26.4,25.8,26.25,26.3,26.04,17853095,46482830075000.0,10155.0,9888690,0.5539000000000001
2013-01-28,NHPC,EQ,26.3,26.35,26.7,26.15,26.55,26.5,26.43,6994928,18489750140000.0,7911.0,2364491,0.33799999999999997
2013-01-29,NHPC,EQ,26.5,26.4,27.2,26.3,27.05,27.1,26.87,16424843,44133262255000.0,15202.0,6523044,0.3971
2013-01-30,NHPC,EQ,27.1,27.1,28.05,26.85,27.95,27.95,27.53,28183370,77590097870000.0,25263.0,10178592,0.36119999999999997
2013-01-31,NHPC,EQ,27.95,28.0,29.05,28.0,29.0,29.0,28.78,91345746,262902244269999.97,40819.0,46617310,0.5103
2013-02-01,NHPC,EQ,29.0,29.0,29.1,28.05,28.2,28.2,28.3,11119489,31469815770000.0,15844.0,3718543,0.3344
2013-02-04,NHPC,EQ,28.2,28.5,28.5,27.7,28.1,28.05,28.08,14011869,39340311980000.0,15172.0,6349856,0.4532
2013-02-05,NHPC,EQ,28.05,28.05,28.15,27.7,27.9,27.9,27.87,19700603,54910735254999.99,15712.0,9084755,0.4611
2013-02-06,NHPC,EQ,27.9,28.5,28.5,27.6,27.9,27.95,27.95,12219641,34153518320000.0,14447.0,4271503,0.3496
2013-02-07,NHPC,EQ,27.95,28.05,28.2,27.65,27.75,27.85,27.88,15182487,42326693980000.0,11759.0,7443793,0.4903
2013-02-08,NHPC,EQ,27.85,27.85,28.2,27.5,27.85,28.0,27.76,31043730,86192398815000.0,17000.0,13254514,0.42700000000000005
2013-02-11,NHPC,EQ,28.0,28.1,28.85,27.85,28.7,28.7,28.41,13811002,39242148545000.0,15633.0,5640713,0.40840000000000004
2013-02-12,NHPC,EQ,28.7,28.7,29.15,28.25,28.8,28.8,28.7,16691363,47902225245000.0,17308.0,3626627,0.21730000000000002
2013-02-13,NHPC,EQ,28.8,28.7,29.25,28.5,28.55,28.6,28.7,8757305,25129519105000.0,10575.0,3117861,0.35600000000000004
2013-02-14,NHPC,EQ,28.6,28.8,29.2,28.35,28.8,29.0,28.75,10086819,28996515200000.0,13293.0,3881643,0.3848
2013-02-15,NHPC,EQ,29.0,28.9,29.1,28.7,28.85,28.95,28.89,13691688,39548577075000.0,13028.0,7429442,0.5426
2013-02-18,NHPC,EQ,28.95,28.75,29.05,28.5,28.95,29.0,28.95,9521796,27560881770000.0,6506.0,5889032,0.6185
2013-02-19,NHPC,EQ,29.0,29.0,29.2,28.8,29.0,29.05,29.03,12683040,36818228690000.0,9792.0,5788672,0.45640000000000003
2013-02-20,NHPC,EQ,29.05,29.0,29.4,28.8,28.9,28.9,28.99,24611805,71344875205000.0,14460.0,13422351,0.5454
2013-02-21,NHPC,EQ,28.9,28.9,29.25,28.55,28.65,28.65,28.85,12679351,36579670510000.0,12601.0,4096032,0.32299999999999995
2013-02-22,NHPC,EQ,28.65,28.6,29.1,28.6,28.95,29.0,28.88,11324100,32706738860000.004,10293.0,5920932,0.5229
2013-02-25,NHPC,EQ,29.0,28.75,29.3,28.5,28.85,28.9,28.94,9843277,28483675645000.0,9201.0,3580406,0.36369999999999997
2013-02-26,NHPC,EQ,28.9,28.8,28.95,28.5,28.5,28.6,28.73,12273077,35258203670000.0,8006.0,5961515,0.4857
2013-02-27,NHPC,EQ,28.6,28.7,28.9,28.15,28.7,28.7,28.58,13939991,39838483230000.0,9804.0,6364492,0.45659999999999995
2013-02-28,NHPC,EQ,28.7,28.7,29.0,25.55,25.8,27.05,27.69,29018812,80350488085000.0,12218.0,13166243,0.4537
2013-03-01,NHPC,EQ,27.05,26.5,27.9,23.0,23.0,25.9,26.71,30564553,81623431960000.0,24696.0,8041516,0.2631
2013-03-04,NHPC,EQ,25.9,23.35,23.35,18.15,19.7,19.65,19.78,258759947,511885382005000.0,203231.0,99510383,0.3846
2013-03-05,NHPC,EQ,19.65,19.8,20.7,18.65,20.3,20.05,19.69,140683638,276955010025000.0,120474.0,48558825,0.34520000000000006
2013-03-06,NHPC,EQ,20.05,19.0,21.25,19.0,20.95,20.9,20.77,68247819,141720250630000.0,66358.0,30693940,0.4497
2013-03-07,NHPC,EQ,20.9,20.8,21.3,20.4,20.65,20.75,20.9,21112064,44130618575000.0,27655.0,7283439,0.34500000000000003
2013-03-08,NHPC,EQ,20.75,20.8,21.3,20.6,21.15,21.1,21.08,24434887,51498247645000.0,45444.0,9918088,0.40590000000000004
2013-03-11,NHPC,EQ,21.1,21.0,21.4,20.2,20.45,20.45,20.94,23572743,49360012030000.0,37377.0,9976595,0.4232
2013-03-12,NHPC,EQ,20.45,20.5,20.95,20.45,20.7,20.7,20.76,21319373,44260995470000.0,39662.0,11055738,0.5186
2013-03-13,NHPC,EQ,20.7,20.75,20.9,20.5,20.7,20.65,20.72,9172490,19001514580000.0,15684.0,4155742,0.45310000000000006
2013-03-14,NHPC,EQ,20.65,22.0,22.0,20.45,20.75,20.7,20.68,7414992,15337455855000.002,12759.0,3979017,0.5366
2013-03-15,NHPC,EQ,20.7,21.5,21.5,20.3,20.45,20.4,20.55,8945083,18383337915000.0,13405.0,4993967,0.5583
2013-03-18,NHPC,EQ,20.4,20.3,20.6,20.05,20.45,20.45,20.43,9309897,19018811810000.0,18627.0,4973363,0.5342
2013-03-19,NHPC,EQ,20.45,20.5,20.95,20.25,20.7,20.75,20.62,16539411,34103972925000.0,18584.0,8812573,0.5328
2013-03-20,NHPC,EQ,20.75,21.0,21.25,20.55,21.1,21.0,20.98,23712272,49755953635000.0,22214.0,14220561,0.5997
2013-03-21,NHPC,EQ,21.0,21.0,21.25,20.6,20.95,20.95,20.99,9835899,20641931900000.0,12509.0,6135716,0.6238
2013-03-22,NHPC,EQ,20.95,20.95,20.95,19.2,19.7,19.65,19.66,19615849,38569091285000.0,36156.0,7589075,0.38689999999999997
2013-03-25,NHPC,EQ,19.65,19.85,20.2,19.4,19.45,19.5,19.74,7406622,14622412555000.002,10065.0,2654902,0.35840000000000005
2013-03-26,NHPC,EQ,19.5,20.0,20.15,19.35,20.05,20.0,19.9,15847782,31538468860000.004,21081.0,7601493,0.4797
2013-03-28,NHPC,EQ,20.0,20.0,20.2,19.7,19.95,19.85,19.91,16940887,33729429030000.0,9899.0,11703057,0.6908
2013-04-01,NHPC,EQ,19.85,19.85,20.6,19.85,20.35,20.45,20.33,3167611,6440345980000.0,7621.0,1338802,0.4227
2013-04-02,NHPC,EQ,20.45,20.25,20.7,20.25,20.65,20.65,20.51,3523215,7224475700000.0,8584.0,1844186,0.5234000000000001
2013-04-03,NHPC,EQ,20.65,20.9,21.8,20.65,21.4,21.5,21.48,23748357,51018252555000.0,24142.0,11712187,0.4932
2013-04-04,NHPC,EQ,21.5,21.35,21.5,20.9,21.3,21.2,21.25,10407426,22114615625000.0,14176.0,5163526,0.4961
2013-04-05,NHPC,EQ,21.2,21.35,21.75,21.35,21.55,21.65,21.59,8688035,18753825325000.0,14284.0,4207859,0.4843
2013-04-08,NHPC,EQ,21.65,21.5,22.15,21.5,22.05,22.0,21.99,10785035,23713777245000.0,17404.0,5908742,0.5479
2013-04-09,NHPC,EQ,22.0,22.05,22.35,21.75,21.75,22.0,22.01,18465853,40650811540000.0,13248.0,14050324,0.7609
2013-04-10,NHPC,EQ,22.0,22.0,22.0,21.35,21.85,21.85,21.7,4182460,9076816050000.0,7365.0,2002760,0.47880000000000006
2013-04-11,NHPC,EQ,21.85,22.0,22.0,21.5,21.7,21.6,21.67,2540922,5506070440000.0,5499.0,540424,0.2127
2013-04-12,NHPC,EQ,21.6,21.5,21.85,21.35,21.8,21.8,21.74,5555728,12076689525000.0,6588.0,2746308,0.4943
2013-04-15,NHPC,EQ,21.8,21.75,21.95,21.6,21.9,21.8,21.78,3270065,7122544480000.0,5979.0,1918920,0.5868
2013-04-16,NHPC,EQ,21.8,21.7,22.0,21.6,21.85,21.9,21.83,2842666,6206172120000.0,5619.0,1377925,0.4847
2013-04-17,NHPC,EQ,21.9,22.1,22.2,21.25,21.4,21.3,21.66,5328350,11540789005000.0,9562.0,2723883,0.5112
2013-04-18,NHPC,EQ,21.3,21.45,21.85,21.3,21.8,21.8,21.68,2647879,5739583515000.0,4509.0,1331061,0.5027
2013-04-22,NHPC,EQ,21.8,21.8,21.85,21.45,21.65,21.6,21.61,2606713,5632409345000.0,4541.0,1179791,0.4526
2013-04-23,NHPC,EQ,21.6,21.6,21.8,21.55,21.75,21.7,21.68,1968001,4265860915000.0,3041.0,734645,0.37329999999999997
2013-04-25,NHPC,EQ,21.7,21.85,21.95,21.25,21.6,21.4,21.63,7015244,15170581550000.0,8221.0,3901892,0.5562
2013-04-26,NHPC,EQ,21.4,21.55,21.6,21.25,21.3,21.3,21.4,1981195,4239957125000.0,3568.0,1151842,0.5814
2013-04-29,NHPC,EQ,21.3,21.2,21.4,21.05,21.25,21.3,21.24,2468069,5241707355000.0,4224.0,1241698,0.5031
2013-04-30,NHPC,EQ,21.3,21.2,21.75,21.15,21.7,21.65,21.4,3635430,7781433890000.001,9487.0,1744745,0.47990000000000005
2013-05-02,NHPC,EQ,21.65,21.65,21.65,20.9,21.05,21.05,21.24,7155673,15198180130000.002,9984.0,4007766,0.5601
2013-05-03,NHPC,EQ,21.05,21.05,21.3,20.85,21.2,21.15,21.09,2281301,4811099795000.0,5792.0,911656,0.3996
2013-05-06,NHPC,EQ,21.15,21.0,21.2,20.8,20.9,20.85,20.91,2249103,4703960580000.0,4587.0,1045542,0.46490000000000004
2013-05-07,NHPC,EQ,20.85,20.85,21.3,20.8,21.2,21.2,21.11,2809496,5930052260000.0,3799.0,1787184,0.6361
2013-05-08,NHPC,EQ,21.2,21.25,21.3,20.8,20.85,20.85,20.96,2501835,5244799425000.0,4242.0,1810211,0.7236
2013-05-09,NHPC,EQ,20.85,20.8,20.9,20.6,20.75,20.7,20.71,2155493,4463419000000.0,4800.0,1090909,0.5061
2013-05-10,NHPC,EQ,20.7,20.75,20.9,20.65,20.75,20.7,20.77,1603379,3330742635000.0,3798.0,814398,0.5079
2013-05-11,NHPC,EQ,20.7,20.7,21.05,20.65,20.9,20.9,20.87,506309,1056679365000.0,1400.0,151659,0.2995
2013-05-13,NHPC,EQ,20.9,21.0,21.0,20.3,20.4,20.4,20.62,4044727,8340591000000.0,7063.0,2154227,0.5326
2013-05-14,NHPC,EQ,20.4,20.55,20.75,20.35,20.45,20.4,20.51,1555879,3190400515000.0,2896.0,667708,0.4292
2013-05-15,NHPC,EQ,20.4,20.45,20.85,20.45,20.7,20.7,20.73,2282802,4731360280000.0,4000.0,949358,0.41590000000000005
2013-05-16,NHPC,EQ,20.7,20.7,20.8,20.45,20.6,20.55,20.64,1788962,3693124940000.0,5128.0,887001,0.4958
2013-05-17,NHPC,EQ,20.55,20.55,21.2,20.55,20.85,20.85,20.89,5727696,11966222250000.0,7394.0,2690589,0.4698
2013-05-20,NHPC,EQ,20.85,20.75,21.1,20.5,20.6,20.55,20.71,3211949,6651424140000.0,6488.0,1423536,0.44320000000000004
2013-05-21,NHPC,EQ,20.55,20.65,20.7,20.2,20.3,20.25,20.35,2099986,4274091740000.0,4197.0,1238779,0.5899
2013-05-22,NHPC,EQ,20.25,20.25,20.3,19.8,19.95,19.9,19.99,4054960,8106108840000.001,7589.0,2266853,0.559
2013-05-23,NHPC,EQ,19.9,19.95,19.95,19.45,19.55,19.5,19.62,4948810,9708904315000.0,9859.0,2437846,0.4926
2013-05-24,NHPC,EQ,19.5,19.6,19.7,19.5,19.6,19.6,19.6,1662190,3257473870000.0,3030.0,713120,0.429
2013-05-27,NHPC,EQ,19.6,19.5,19.85,19.45,19.75,19.75,19.68,1557059,3063795525000.0,2963.0,809561,0.5199
2013-05-28,NHPC,EQ,19.75,19.9,20.05,19.8,20.0,19.95,19.94,2651958,5287485730000.0,5030.0,1219332,0.4598
2013-05-29,NHPC,EQ,19.95,19.9,19.95,19.2,19.4,19.4,19.49,3878971,7561808215000.001,8694.0,1581762,0.4078
2013-05-30,NHPC,EQ,19.4,19.3,19.5,19.15,19.5,19.35,19.32,3048302,5890377340000.0,5932.0,1393187,0.457
2013-05-31,NHPC,EQ,19.35,19.4,19.55,19.2,19.3,19.25,19.36,2290278,4433341390000.0,3884.0,1040012,0.45409999999999995
2013-06-03,NHPC,EQ,19.25,19.15,19.25,18.65,18.9,18.85,18.93,2794404,5288760855000.0,10742.0,1411078,0.505
2013-06-04,NHPC,EQ,18.85,19.0,19.2,18.85,19.0,19.05,19.04,1560000,2970411065000.0,3100.0,738155,0.4732
2013-06-05,NHPC,EQ,19.05,19.0,19.0,18.75,18.95,18.95,18.89,3394660,6414184020000.0,7086.0,1902154,0.5603
2013-06-06,NHPC,EQ,18.95,18.85,19.25,18.75,19.05,19.05,18.94,3150827,5968292095000.0,7552.0,1404320,0.4457
2013-06-07,NHPC,EQ,19.05,19.1,19.15,18.85,18.9,18.9,18.99,3116918,5920413375000.0,6028.0,2050744,0.6579
2013-06-10,NHPC,EQ,18.9,18.9,19.0,18.0,18.25,18.2,18.31,14519392,26587163600000.0,11571.0,11581095,0.7976000000000001
2013-06-11,NHPC,EQ,18.2,18.15,18.65,18.0,18.15,18.1,18.25,5021230,9164013235000.0,10025.0,1903950,0.37920000000000004
2013-06-12,NHPC,EQ,18.1,18.1,18.2,17.75,17.8,17.85,17.97,3504640,6296196055000.0,7852.0,1857491,0.53
2013-06-13,NHPC,EQ,17.85,17.85,18.1,17.15,17.65,17.7,17.74,8895737,15778355260000.0,13510.0,4501969,0.5061
2013-06-14,NHPC,EQ,17.7,17.8,18.2,17.7,18.0,18.05,17.96,4405845,7913567145000.0,8723.0,2331083,0.5291
2013-06-17,NHPC,EQ,18.05,18.0,18.9,17.95,18.8,18.7,18.39,4835143,8891664005000.0,8645.0,2420523,0.5006
2013-06-18,NHPC,EQ,18.7,18.8,18.9,18.5,18.75,18.7,18.69,2858200,5341484890000.0,5965.0,1161496,0.40640000000000004
2013-06-19,NHPC,EQ,18.7,18.75,18.75,18.3,18.55,18.6,18.53,4225770,7829042584999.999,6122.0,1713613,0.40549999999999997
2013-06-20,NHPC,EQ,18.6,18.45,19.0,18.15,18.35,18.35,18.52,7142441,13231114005000.0,10023.0,2679730,0.37520000000000003
2013-06-21,NHPC,EQ,18.35,18.25,18.5,18.0,18.2,18.15,18.26,2603911,4753581345000.0,4338.0,1033295,0.3968
2013-06-24,NHPC,EQ,18.15,18.05,18.3,17.7,18.1,18.1,17.96,5361774,9628291380000.0,9556.0,1945074,0.3628
2013-06-25,NHPC,EQ,18.1,18.0,18.1,17.7,17.95,17.85,17.84,6582870,11745333500000.0,7056.0,2623155,0.3985
2013-06-26,NHPC,EQ,17.85,18.0,18.3,17.7,18.25,18.2,18.01,4386676,7898449759999.999,4609.0,1707232,0.38920000000000005
2013-06-27,NHPC,EQ,18.2,18.2,18.35,17.4,17.8,17.75,17.82,9492463,16919464060000.0,14261.0,3611487,0.3805
2013-06-28,NHPC,EQ,17.75,18.0,18.6,17.9,18.6,18.45,18.29,5646761,10325878275000.0,11136.0,3898085,0.6903
2013-07-01,NHPC,EQ,18.45,18.45,18.85,18.4,18.75,18.75,18.61,1722692,3206691540000.0,5650.0,681398,0.39549999999999996
2013-07-02,NHPC,EQ,18.75,18.6,19.2,18.55,18.95,18.95,18.92,3086925,5840620155000.0,6890.0,1162496,0.3766
2013-07-03,NHPC,EQ,18.95,18.9,18.95,18.6,18.85,18.85,18.77,3648635,6848192230000.0,7359.0,1909274,0.5233
2013-07-04,NHPC,EQ,18.85,18.9,19.1,18.75,19.0,19.0,18.96,1655116,3138546685000.0,3388.0,827826,0.5002000000000001
2013-07-05,NHPC,EQ,19.0,19.05,19.25,18.75,19.0,19.05,19.0,2096713,3984539940000.0,4724.0,1267061,0.6043000000000001
2013-07-08,NHPC,EQ,19.05,19.0,19.0,18.55,18.65,18.65,18.7,3809342,7124638340000.001,3650.0,2999816,0.7875
2013-07-09,NHPC,EQ,18.65,18.7,18.9,18.5,18.9,18.85,18.76,4652300,8726563780000.0,6381.0,3124994,0.6717000000000001
2013-07-10,NHPC,EQ,18.85,18.85,18.9,18.3,18.35,18.35,18.61,5386401,10026466050000.0,10762.0,3376905,0.6269
2013-07-11,NHPC,EQ,18.35,18.45,18.65,18.1,18.45,18.4,18.42,3913135,7207618640000.001,11761.0,1955562,0.4997
2013-07-12,NHPC,EQ,18.4,18.35,18.4,17.85,17.9,17.9,18.09,7505250,13574411235000.0,12572.0,4702390,0.6265
2013-07-15,NHPC,EQ,17.9,17.9,18.1,17.7,17.95,17.95,17.91,2945695,5277175300000.0,7150.0,1455293,0.494
2013-07-16,NHPC,EQ,17.95,17.9,18.5,17.75,18.3,18.3,18.18,4927138,8958478630000.0,5677.0,3089862,0.6271
2013-07-17,NHPC,EQ,18.3,18.25,18.4,17.55,17.75,17.7,17.78,3833642,6816888345000.0,8945.0,1659415,0.4329
2013-07-18,NHPC,EQ,17.7,17.7,18.05,17.7,17.95,18.0,17.89,2627235,4699413890000.0,7168.0,1292646,0.49200000000000005
2013-07-19,NHPC,EQ,18.0,18.0,18.05,17.8,18.0,17.9,17.92,2164870,3878748000000.0,5576.0,1176319,0.5434
2013-07-22,NHPC,EQ,17.9,17.9,18.1,17.85,17.95,17.95,18.01,1460771,2630130920000.0,3783.0,620210,0.42460000000000003
2013-07-23,NHPC,EQ,17.95,18.0,18.1,17.95,18.0,18.05,18.03,1379159,2486293670000.0,3841.0,722865,0.5241
2013-07-24,NHPC,EQ,18.05,17.95,18.1,17.7,17.75,17.8,17.88,2364991,4229680920000.0005,7264.0,1307844,0.5529999999999999
2013-07-25,NHPC,EQ,17.8,17.7,17.9,17.55,17.75,17.75,17.69,3936298,6964786480000.0,5482.0,2107668,0.5354
2013-07-26,NHPC,EQ,17.75,17.75,17.9,17.55,17.6,17.6,17.69,1315523,2327290355000.0,2957.0,609084,0.46299999999999997
2013-07-29,NHPC,EQ,17.6,17.6,17.75,17.4,17.4,17.5,17.58,1634417,2873931725000.0,3708.0,704786,0.43119999999999997
2013-07-30,NHPC,EQ,17.5,17.45,17.5,16.9,16.95,17.0,17.18,2078831,3570658050000.0,4725.0,997821,0.48
2013-07-31,NHPC,EQ,17.0,17.0,17.0,16.55,16.65,16.6,16.66,4118210,6862008325000.0,6533.0,2083451,0.5059
2013-08-01,NHPC,EQ,16.6,17.0,17.1,15.4,15.45,15.5,15.89,7673284,12191504045000.0,17021.0,3450680,0.4497
2013-08-02,NHPC,EQ,15.5,15.6,15.85,15.1,15.7,15.55,15.46,8976363,13873045705000.002,22694.0,4389889,0.489
2013-08-05,NHPC,EQ,15.55,16.0,16.0,15.05,15.45,15.45,15.4,4785729,7370890090000.001,18278.0,1714404,0.3582
2013-08-06,NHPC,EQ,15.45,15.25,15.55,15.0,15.05,15.05,15.23,6207132,9453827910000.0,13585.0,2513671,0.405
2013-08-07,NHPC,EQ,15.05,15.05,15.2,14.8,15.1,15.1,15.04,5294252,7960922350000.0,20485.0,2231191,0.4214
2013-08-08,NHPC,EQ,15.1,15.0,15.55,14.9,15.45,15.45,15.29,3397340,5195847425000.0,10083.0,1068272,0.3144
2013-08-12,NHPC,EQ,15.45,15.8,17.25,15.8,16.6,16.6,16.63,7304739,12147049985000.0,17736.0,1253869,0.17170000000000002
2013-08-13,NHPC,EQ,16.6,16.5,17.1,16.45,16.7,16.7,16.71,3823289,6388911645000.0,8861.0,856214,0.22390000000000002
2013-08-14,NHPC,EQ,16.7,16.85,16.95,16.45,16.75,16.75,16.7,2967072,4955595920000.0,7338.0,716792,0.2416
2013-08-16,NHPC,EQ,16.75,16.75,17.0,16.25,16.35,16.3,16.58,3387156,5614484995000.0,7486.0,1066197,0.3148
2013-08-19,NHPC,EQ,16.3,16.3,16.4,16.0,16.25,16.15,16.2,2143019,3472357370000.0005,4369.0,751709,0.3508
2013-08-20,NHPC,EQ,16.15,16.1,16.65,16.05,16.5,16.55,16.4,2777503,4555347355000.0,6599.0,1056841,0.3805
2013-08-21,NHPC,EQ,16.55,16.6,16.75,16.0,16.15,16.1,16.48,2840913,4680947110000.0,5778.0,1305306,0.4595
2013-08-22,NHPC,EQ,16.1,16.0,16.45,15.9,16.4,16.35,16.21,3365003,5454217830000.0,6323.0,1781411,0.5294
2013-08-23,NHPC,EQ,16.35,17.0,17.2,16.5,16.7,16.75,16.71,6329172,10575076120000.0,9959.0,2799820,0.4424
2013-08-26,NHPC,EQ,16.75,16.8,17.05,16.65,16.9,16.85,16.86,2968069,5003996595000.0,6330.0,1407520,0.4742
2013-08-27,NHPC,EQ,16.85,16.9,17.0,16.25,16.35,16.4,16.63,3354993,5578368940000.0,4373.0,2259150,0.6734
2013-08-28,NHPC,EQ,16.4,16.2,16.3,15.85,16.0,16.0,16.01,6045545,9677558160000.0,12732.0,3873846,0.6408
2013-08-29,NHPC,EQ,16.0,16.0,16.65,16.0,16.55,16.45,16.38,6247426,10234800080000.0,9477.0,3809279,0.6097
2013-08-30,NHPC,EQ,16.45,16.3,16.3,15.9,15.95,16.0,16.09,3119689,5020358385000.0,5712.0,2032715,0.6516
2013-09-02,NHPC,EQ,16.0,16.0,16.4,15.95,16.2,16.25,16.22,2518028,4083092415000.0,5106.0,1236062,0.49090000000000006
2013-09-03,NHPC,EQ,16.25,16.2,16.35,15.95,15.95,16.0,16.15,1918874,3099521045000.0,3944.0,867965,0.4523
2013-09-04,NHPC,EQ,16.0,16.1,16.35,16.0,16.1,16.2,16.21,3416484,5538486630000.0,4469.0,1210306,0.3543
2013-09-05,NHPC,EQ,16.2,16.25,16.5,16.15,16.35,16.3,16.32,2780104,4537174815000.0,5731.0,1604367,0.5771000000000001
2013-09-06,NHPC,EQ,16.3,16.3,16.4,15.95,16.1,16.15,16.07,5763883,9261722415000.0,10978.0,3719420,0.6453
2013-09-10,NHPC,EQ,16.15,16.2,16.7,16.2,16.65,16.65,16.46,4902148,8071339834999.999,8121.0,3008375,0.6137
2013-09-11,NHPC,EQ,16.65,16.95,17.7,16.75,17.6,17.6,17.43,6660837,11609700900000.0,10288.0,2761353,0.4146
2013-09-12,NHPC,EQ,17.6,17.8,18.3,17.5,17.7,17.7,17.92,7528608,13490833835000.0,11848.0,2536967,0.337
2013-09-13,NHPC,EQ,17.7,18.15,19.0,18.1,18.8,18.85,18.7,11392330,21307063380000.0,20039.0,4269896,0.37479999999999997
2013-09-16,NHPC,EQ,18.85,19.85,20.35,19.2,20.15,20.0,19.76,19660190,38854338165000.0,24644.0,11029390,0.561
2013-09-17,NHPC,EQ,20.0,20.1,20.1,18.9,19.2,19.25,19.29,5952458,11482002125000.0,14722.0,2090006,0.3511
2013-09-18,NHPC,EQ,19.25,19.25,19.3,18.7,18.95,18.9,18.88,3797992,7169953740000.001,7958.0,1457483,0.38380000000000003
2013-09-19,NHPC,EQ,18.9,19.4,19.4,18.75,18.85,18.8,18.95,5272736,9993610965000.0,8302.0,2726906,0.5172
2013-09-20,NHPC,EQ,18.8,18.8,19.05,18.45,18.8,18.55,18.7,5277746,9866959405000.0,8213.0,2377438,0.45049999999999996
2013-09-23,NHPC,EQ,18.55,18.55,19.05,18.4,18.65,18.65,18.73,2863436,5362552640000.0,5657.0,991217,0.3462
2013-09-24,NHPC,EQ,18.65,18.6,19.15,18.6,19.15,19.0,18.83,2742788,5164795380000.0,4573.0,1301111,0.4744
2013-09-25,NHPC,EQ,19.0,19.2,19.65,19.05,19.6,19.6,19.43,8330262,16186735160000.0,15607.0,3227917,0.3875
2013-09-26,NHPC,EQ,19.6,19.75,19.75,19.25,19.75,19.6,19.54,6647165,12986894535000.0,8774.0,2499180,0.376
2013-09-27,NHPC,EQ,19.6,19.7,20.2,19.65,19.85,19.85,19.95,5040212,10057357535000.0,8936.0,2337567,0.46380000000000005
2013-09-30,NHPC,EQ,19.85,19.95,19.95,19.4,19.45,19.55,19.64,3529057,6930245290000.001,5798.0,1627547,0.4612
2013-10-01,NHPC,EQ,19.55,19.5,19.55,19.2,19.25,19.3,19.34,3227501,6242228100000.0,8442.0,1609012,0.4985
2013-10-03,NHPC,EQ,19.3,19.35,19.85,19.35,19.75,19.75,19.69,2528549,4978149095000.0,5088.0,983442,0.3889
2013-10-04,NHPC,EQ,19.75,19.7,19.85,19.15,19.25,19.25,19.46,2276257,4430209650000.0,5359.0,681597,0.2994
2013-10-07,NHPC,EQ,19.25,19.25,19.7,19.05,19.15,19.2,19.31,3814984,7365297700000.0,5820.0,1957401,0.5131
2013-10-08,NHPC,EQ,19.2,19.2,19.35,18.95,19.2,19.1,19.13,1998422,3823464560000.0,7346.0,723941,0.36229999999999996
2013-10-09,NHPC,EQ,19.1,19.1,19.45,19.05,19.15,19.2,19.24,3008698,5789237035000.0,5625.0,1438221,0.478
2013-10-10,NHPC,EQ,19.2,19.15,19.5,19.05,19.15,19.1,19.28,2466064,4753530645000.0,5037.0,1164581,0.4722
2013-10-11,NHPC,EQ,19.1,19.2,19.3,18.95,18.95,19.05,19.11,3230093,6171345495000.0,7012.0,1180582,0.3655
2013-10-14,NHPC,EQ,19.05,19.0,19.05,18.85,18.9,18.9,18.93,2581607,4886346175000.0,3864.0,1496303,0.5796
2013-10-15,NHPC,EQ,18.9,19.0,19.1,18.0,18.1,18.05,18.48,3991360,7375695370000.0,7862.0,2007742,0.503
2013-10-17,NHPC,EQ,18.05,18.1,18.85,18.1,18.75,18.7,18.55,3647348,6765417230000.0,8564.0,1248536,0.3423
2013-10-18,NHPC,EQ,18.7,18.7,18.95,18.7,18.8,18.8,18.83,2389693,4499247275000.0,6038.0,765896,0.32049999999999995
2013-10-21,NHPC,EQ,18.8,18.9,19.05,18.7,18.95,18.9,18.9,1716333,3244560965000.0,3006.0,661649,0.38549999999999995
2013-10-22,NHPC,EQ,18.9,19.6,19.8,19.1,19.65,19.65,19.49,8649449,16860932485000.0,18192.0,3445126,0.3983
2013-10-23,NHPC,EQ,19.65,19.75,20.0,19.15,19.55,19.6,19.48,5677091,11056243040000.0,10888.0,2199573,0.3874
2013-10-24,NHPC,EQ,19.6,19.9,20.0,18.5,18.55,18.7,19.23,11516815,22150912330000.0,23477.0,3673421,0.319
2013-10-25,NHPC,EQ,18.7,18.8,18.9,18.3,18.4,18.4,18.59,4891206,9093736685000.0,10983.0,2203440,0.45049999999999996
2013-10-28,NHPC,EQ,18.4,18.5,18.65,18.2,18.2,18.25,18.47,4937121,9117066365000.0,6881.0,2233276,0.4523
2013-10-29,NHPC,EQ,18.25,18.25,18.4,17.9,18.3,18.25,18.19,5128197,9326970005000.0,9059.0,1979863,0.3861
2013-10-30,NHPC,EQ,18.25,18.3,18.35,18.15,18.15,18.2,18.27,5041397,9210390425000.0,5583.0,2592006,0.5141
2013-10-31,NHPC,EQ,18.2,18.2,18.55,18.0,18.1,18.1,18.18,17521734,31851258460000.004,9802.0,10285100,0.5870000000000001
2013-11-01,NHPC,EQ,18.1,18.1,18.7,18.1,18.5,18.5,18.49,5752538,10635443395000.0,8986.0,3501336,0.6087
2013-11-03,NHPC,EQ,18.5,18.55,18.7,18.5,18.65,18.65,18.62,1797986,3348220815000.0,3880.0,991802,0.5516
2013-11-05,NHPC,EQ,18.65,18.65,19.1,18.5,18.85,18.8,18.83,9040308,17024349135000.0,9320.0,5037920,0.5573
2013-11-06,NHPC,EQ,18.8,18.8,18.95,18.5,18.55,18.55,18.69,6468431,12087980655000.0,10045.0,3524148,0.5448
2013-11-07,NHPC,EQ,18.55,18.55,18.75,18.1,18.25,18.25,18.49,5786788,10701754300000.0,10423.0,2511374,0.434
2013-11-08,NHPC,EQ,18.25,18.1,18.4,18.1,18.3,18.3,18.29,3462010,6330440815000.0,7968.0,1784828,0.5155
2013-11-11,NHPC,EQ,18.3,18.45,18.65,18.25,18.3,18.25,18.46,3576287,6601355025000.0,5805.0,1438552,0.4022
2013-11-12,NHPC,EQ,18.25,18.25,18.3,17.9,18.05,18.0,18.08,4738901,8565753050000.0,10220.0,2504560,0.5285
2013-11-13,NHPC,EQ,18.0,18.0,18.15,17.85,17.95,17.95,17.99,2927657,5266110670000.0,5027.0,1403794,0.47950000000000004
2013-11-14,NHPC,EQ,17.95,18.0,18.1,18.0,18.05,18.0,18.04,2222279,4009502304999.9995,3607.0,1125580,0.5065
2013-11-18,NHPC,EQ,18.0,18.1,18.3,17.95,18.0,18.0,18.08,2251442,4071112679999.9995,4909.0,1137475,0.5052000000000001
2013-11-19,NHPC,EQ,18.0,18.05,18.2,18.0,18.0,18.0,18.08,1748112,3160666060000.0,3810.0,938183,0.5367000000000001
2013-11-20,NHPC,EQ,18.0,18.0,18.25,17.95,18.15,18.15,18.15,2259170,4099585525000.0,4381.0,972848,0.43060000000000004
2013-11-21,NHPC,EQ,18.15,18.05,18.15,17.9,17.95,17.95,18.0,2070506,3726441035000.0,2698.0,925961,0.4472
2013-11-22,NHPC,EQ,17.95,18.0,18.1,17.6,17.65,17.7,17.87,2553558,4563363525000.0,4489.0,1127834,0.44170000000000004
2013-11-25,NHPC,EQ,17.7,17.9,18.05,17.85,17.95,17.9,17.92,4639964,8315012750000.0,5032.0,1701127,0.3666
2013-11-26,NHPC,EQ,17.9,17.95,17.95,17.75,17.8,17.8,17.85,2220845,3963647520000.0005,3547.0,1127275,0.5075999999999999
2013-11-27,NHPC,EQ,17.8,17.85,17.9,17.75,17.8,17.8,17.8,3851082,6853520495000.0,3257.0,2106105,0.5468999999999999
2013-11-28,NHPC,EQ,17.8,17.8,18.05,17.7,17.9,17.75,17.82,10462762,18647081665000.0,5650.0,5706432,0.5454
2013-11-29,NHPC,EQ,17.75,17.85,18.25,17.85,18.15,18.2,18.15,2836531,5147281320000.0,3989.0,1185721,0.418
2013-12-02,NHPC,EQ,18.2,18.3,18.55,18.2,18.25,18.25,18.36,4216448,7743107805000.0,6123.0,1614384,0.3829
2013-12-03,NHPC,EQ,18.25,18.25,18.25,18.0,18.1,18.05,18.1,4759011,8615064515000.001,5621.0,2009441,0.4222
2013-12-04,NHPC,EQ,18.05,18.0,18.25,17.9,18.0,17.95,18.08,6508820,11769434085000.0,6050.0,3535210,0.5431
2013-12-05,NHPC,EQ,17.95,18.15,18.25,18.05,18.15,18.1,18.12,2010591,3643896654999.9995,3049.0,1144604,0.5693
2013-12-06,NHPC,EQ,18.1,18.1,18.4,18.1,18.3,18.3,18.27,2596412,4743030705000.0,3927.0,1130460,0.4354
2013-12-09,NHPC,EQ,18.3,18.4,18.6,18.3,18.35,18.3,18.39,3245602,5967413570000.0,12354.0,1800853,0.5549000000000001
2013-12-10,NHPC,EQ,18.3,17.8,18.15,17.75,18.05,18.0,18.02,6741125,12144352765000.0,8006.0,2330033,0.3456
2013-12-11,NHPC,EQ,18.0,18.0,18.1,17.9,18.1,18.0,18.05,1786529,3224254780000.0,4054.0,1130695,0.6329
2013-12-12,NHPC,EQ,18.0,18.0,18.4,17.95,18.3,18.3,18.29,4086200,7474638375000.0,5421.0,1615562,0.3954
2013-12-13,NHPC,EQ,18.3,18.15,18.3,18.05,18.05,18.1,18.15,2369771,4301271590000.0,4893.0,1166177,0.49210000000000004
2013-12-16,NHPC,EQ,18.1,18.0,18.15,17.95,18.05,18.05,18.05,3103254,5601072480000.0,4870.0,1103274,0.3555
2013-12-17,NHPC,EQ,18.05,18.05,18.2,17.95,18.0,18.0,18.1,1935745,3503627250000.0,3906.0,967447,0.49979999999999997
2013-12-18,NHPC,EQ,18.0,18.0,18.25,18.0,18.15,18.15,18.14,1772693,3216534110000.0,3281.0,793482,0.4476
2013-12-19,NHPC,EQ,18.15,18.15,18.5,17.95,18.5,18.45,18.27,5143545,9397949885000.0,7080.0,2080414,0.4045
2013-12-20,NHPC,EQ,18.45,18.45,18.85,18.45,18.7,18.7,18.7,7377979,13793375080000.002,10852.0,1992887,0.2701
2013-12-23,NHPC,EQ,18.7,19.0,19.05,18.65,18.8,18.75,18.79,8381554,15747645110000.0,13241.0,4716681,0.5627000000000001
2013-12-24,NHPC,EQ,18.75,18.8,18.95,18.7,18.8,18.8,18.81,4156854,7817368630000.0,4587.0,1589162,0.3823
2013-12-26,NHPC,EQ,18.8,18.85,19.1,18.75,19.0,18.95,18.92,11485527,21730299795000.0,8296.0,3910836,0.34049999999999997
2013-12-27,NHPC,EQ,18.95,19.0,19.85,19.0,19.75,19.7,19.39,10246220,19864198695000.0,11996.0,5211125,0.5086
2013-12-30,NHPC,EQ,19.7,19.8,19.8,19.25,19.45,19.45,19.43,4621651,8980676650000.0,7830.0,1580195,0.3419
2013-12-31,NHPC,EQ,19.45,19.5,19.8,19.35,19.5,19.55,19.58,3180083,6226323430000.0,5578.0,1336321,0.4202
2014-01-01,NHPC,EQ,19.55,19.55,19.7,19.5,19.65,19.55,19.6,3574016,7004836525000.0,4729.0,1407705,0.39390000000000003
2014-01-02,NHPC,EQ,19.55,19.55,19.75,19.0,19.05,19.05,19.43,3602795,7001894450000.0,6328.0,1454927,0.40380000000000005
2014-01-03,NHPC,EQ,19.05,18.95,19.1,18.7,18.85,18.85,18.85,2199368,4145000429999.9995,3924.0,1079097,0.49060000000000004
2014-01-06,NHPC,EQ,18.85,18.8,18.95,18.6,18.65,18.7,18.71,1524960,2853707555000.0,3216.0,759995,0.49840000000000007
2014-01-07,NHPC,EQ,18.7,18.65,18.9,18.55,18.75,18.7,18.7,2766924,5173361640000.0,5036.0,1590201,0.5747
2014-01-08,NHPC,EQ,18.7,18.8,19.2,18.65,19.05,19.0,18.97,4849643,9198085710000.0,6703.0,2465490,0.5084000000000001
2014-01-09,NHPC,EQ,19.0,19.0,19.1,18.5,18.6,18.6,18.7,3584511,6703033345000.0,3563.0,1143152,0.3189
2014-01-10,NHPC,EQ,18.6,18.55,18.7,18.4,18.5,18.45,18.56,2419370,4489260790000.0,5211.0,843711,0.34869999999999995
2014-01-13,NHPC,EQ,18.45,18.5,18.6,18.05,18.2,18.25,18.28,3001659,5486973325000.0,4928.0,1174019,0.3911
2014-01-14,NHPC,EQ,18.25,18.25,18.7,18.15,18.35,18.4,18.44,2659005,4902371915000.0,8946.0,597674,0.2248
2014-01-15,NHPC,EQ,18.4,18.4,18.8,18.35,18.6,18.6,18.57,3511608,6521888115000.0,3211.0,1293504,0.36840000000000006
2014-01-16,NHPC,EQ,18.6,18.55,18.75,18.25,18.4,18.4,18.47,2699059,4985571540000.0,3651.0,1160898,0.4301
2014-01-17,NHPC,EQ,18.4,18.35,18.5,18.15,18.15,18.2,18.3,2508039,4589143265000.0,4260.0,1095846,0.4369
2014-01-20,NHPC,EQ,18.2,18.15,18.25,18.05,18.15,18.15,18.13,1467576,2660667745000.0,3739.0,721386,0.4915
2014-01-21,NHPC,EQ,18.15,18.15,18.25,18.05,18.15,18.15,18.13,3816737,6917971825000.0,4843.0,1487299,0.3897
2014-01-22,NHPC,EQ,18.15,18.15,18.25,18.1,18.1,18.15,18.17,2412639,4383988190000.0,4568.0,1245914,0.5164
2014-01-23,NHPC,EQ,18.15,18.2,18.35,18.15,18.25,18.25,18.26,3482567,6359843245000.0,7745.0,1625168,0.4667
2014-01-24,NHPC,EQ,18.25,18.15,18.25,17.9,18.0,18.0,18.07,3373136,6095368235000.0,8100.0,1515570,0.44930000000000003
2014-01-27,NHPC,EQ,18.0,17.95,18.0,17.5,17.6,17.55,17.73,4399000,7799259050000.0,5217.0,1892653,0.4302
2014-01-28,NHPC,EQ,17.55,17.6,18.0,17.45,18.0,17.9,17.75,6935070,12308577575000.0,5241.0,3024905,0.4362
2014-01-29,NHPC,EQ,17.9,18.0,18.1,17.9,17.95,18.0,18.0,8171780,14707842385000.0,3880.0,5564313,0.6809000000000001
2014-01-30,NHPC,EQ,18.0,17.9,18.05,17.55,17.85,17.85,17.81,11615348,20683017610000.0,6598.0,7134426,0.6142000000000001
2014-01-31,NHPC,EQ,17.85,17.95,18.0,17.7,17.85,17.9,17.89,9374483,16774822805000.002,4059.0,7345889,0.7836
2014-02-03,NHPC,EQ,17.9,17.7,17.8,17.4,17.5,17.65,17.66,10400040,18366884010000.0,9171.0,6741341,0.6482
2014-02-04,NHPC,EQ,17.65,17.5,17.95,17.35,17.9,17.85,17.7,12210201,21616105630000.0,7629.0,4788142,0.3921
2014-02-05,NHPC,EQ,17.85,17.95,18.45,17.8,18.1,18.15,18.1,2625758,4752919900000.0,6346.0,936128,0.3565
2014-02-06,NHPC,EQ,18.15,18.1,18.45,17.95,18.35,18.35,18.27,3174749,5801419515000.0,4158.0,2010651,0.6333
2014-02-07,NHPC,EQ,18.35,18.4,18.7,18.3,18.65,18.6,18.53,3802721,7048339759999.999,6269.0,2525215,0.6641
2014-02-10,NHPC,EQ,18.6,18.6,18.85,18.5,18.8,18.75,18.71,2764235,5170669820000.0,7403.0,1577066,0.5705
2014-02-11,NHPC,EQ,18.75,18.75,18.9,18.6,18.8,18.8,18.77,3025286,5678038025000.0,5946.0,1696968,0.5609000000000001
2014-02-12,NHPC,EQ,18.8,18.8,18.9,18.7,18.75,18.7,18.78,2206395,4144021800000.0,5035.0,1108965,0.5025999999999999
2014-02-13,NHPC,EQ,18.7,18.7,18.75,18.2,18.25,18.25,18.4,1618623,2978952460000.0,6978.0,711191,0.4394
2014-02-14,NHPC,EQ,18.25,18.3,18.4,18.1,18.15,18.1,18.18,1453755,2643184505000.0,5036.0,795912,0.5475
2014-02-17,NHPC,EQ,18.1,18.1,18.2,17.9,17.95,17.95,18.01,1572452,2831926880000.0,4621.0,715690,0.4551
2014-02-18,NHPC,EQ,17.95,17.9,18.05,17.85,18.0,17.95,17.93,3552889,6369528110000.0,6071.0,1653832,0.46549999999999997
2014-02-19,NHPC,EQ,17.95,17.95,18.0,17.9,18.0,17.95,17.95,1894456,3399899260000.0,3813.0,942708,0.4976
2014-02-20,NHPC,EQ,17.95,17.9,18.0,17.8,17.9,17.9,17.89,2090108,3738783375000.0,3055.0,880708,0.4214
2014-02-21,NHPC,EQ,17.9,17.85,18.0,17.75,18.0,17.95,17.91,1692501,3030528225000.0,1978.0,823025,0.4863
2014-02-24,NHPC,EQ,17.95,17.9,18.05,17.8,18.0,18.0,17.93,2028094,3635526790000.0,4591.0,966759,0.4767
2014-02-25,NHPC,EQ,18.0,18.0,18.0,17.85,17.95,17.95,17.93,1219564,2186547735000.0002,3449.0,537360,0.44060000000000005
2014-02-26,NHPC,EQ,17.95,18.0,18.1,17.7,17.95,17.95,17.89,5859329,10482444985000.0,2738.0,2246464,0.3834
2014-02-28,NHPC,EQ,17.95,18.0,18.05,17.9,17.95,18.0,17.98,1447301,2601535100000.0,2352.0,1023803,0.7073999999999999
2014-03-03,NHPC,EQ,18.0,17.9,18.0,17.85,18.0,17.95,17.93,1107534,1986213575000.0,2901.0,652031,0.5887
2014-03-04,NHPC,EQ,17.95,17.9,18.0,17.85,17.9,17.9,17.9,966424,1730360510000.0002,2736.0,560421,0.5799000000000001
2014-03-05,NHPC,EQ,17.9,18.0,18.05,17.9,18.0,17.95,17.94,1914682,3434679085000.0,2895.0,1252837,0.6543000000000001
2014-03-06,NHPC,EQ,17.95,18.0,18.15,17.95,18.1,18.1,18.08,5046051,9122351820000.0,5422.0,3004047,0.5953
2014-03-07,NHPC,EQ,18.1,18.2,18.4,18.15,18.25,18.25,18.26,4107649,7500894909999.999,5361.0,2060614,0.5017
2014-03-10,NHPC,EQ,18.25,18.15,18.25,17.95,18.05,18.0,18.07,3517525,6356400285000.0,5213.0,1695791,0.48210000000000003
2014-03-11,NHPC,EQ,18.0,18.1,18.1,17.9,17.95,17.95,18.0,2390739,4303473120000.0005,4740.0,1120588,0.4687
2014-03-12,NHPC,EQ,17.95,17.9,18.0,17.9,17.95,17.95,17.95,925165,1660754980000.0,2594.0,461254,0.4986
2014-03-13,NHPC,EQ,17.95,17.9,18.2,17.75,17.8,17.8,17.99,5126584,9223641325000.0,6145.0,1945818,0.3796
2014-03-14,NHPC,EQ,17.8,17.8,17.85,17.65,17.8,17.75,17.75,1969647,3495351729999.9995,4372.0,783596,0.39780000000000004
2014-03-18,NHPC,EQ,17.75,17.75,18.0,17.75,17.95,17.95,17.9,2307617,4130095915000.0,3810.0,1007521,0.4366
2014-03-19,NHPC,EQ,17.95,17.85,18.05,17.75,17.8,17.8,17.88,5375935,9613303830000.0,6193.0,2199575,0.4092
2014-03-20,NHPC,EQ,17.8,17.8,17.8,17.65,17.8,17.7,17.71,3672711,6505276775000.0,3909.0,1486356,0.4047
2014-03-21,NHPC,EQ,17.7,17.75,17.85,17.5,17.55,17.55,17.63,5359073,9449654460000.0,6469.0,2533984,0.4728
2014-03-22,NHPC,EQ,17.55,17.55,17.7,17.55,17.65,17.65,17.65,300062,529626315000.00006,689.0,133537,0.445
2014-03-24,NHPC,EQ,17.65,17.65,17.85,17.65,17.8,17.8,17.77,2129510,3783724500000.0,2036.0,900703,0.423
2014-03-25,NHPC,EQ,17.8,17.7,17.85,17.7,17.75,17.75,17.77,4458699,7924777190000.001,2923.0,3019105,0.6770999999999999
2014-03-26,NHPC,EQ,17.75,17.75,17.9,17.7,17.85,17.85,17.83,5083192,9062380605000.0,7276.0,3134043,0.6165999999999999
2014-03-27,NHPC,EQ,17.85,17.8,18.15,17.8,18.05,18.05,18.04,12912056,23288755045000.0,12910.0,7429013,0.5754
2014-03-28,NHPC,EQ,18.05,18.05,19.6,18.05,19.5,19.45,18.94,11033138,20893584485000.0,19445.0,3921212,0.3554
2014-03-31,NHPC,EQ,19.45,19.5,19.75,19.0,19.05,19.1,19.23,6652555,12789722515000.0,10191.0,2728295,0.41009999999999996
2014-04-01,NHPC,EQ,19.1,19.05,19.95,18.8,19.55,19.5,19.37,9973425,19315469530000.0,18014.0,2302265,0.23079999999999998
2014-04-02,NHPC,EQ,19.5,19.5,19.8,19.2,19.55,19.5,19.54,4158255,8126128795000.0,12923.0,1711559,0.41159999999999997
2014-04-03,NHPC,EQ,19.5,19.6,19.6,19.0,19.25,19.2,19.21,3016192,5793063745000.0,5318.0,1377874,0.4568
2014-04-04,NHPC,EQ,19.2,19.2,19.5,19.05,19.15,19.15,19.29,3567151,6879706780000.0,5602.0,1299607,0.3643
2014-04-07,NHPC,EQ,19.15,19.05,19.35,18.8,19.1,19.05,19.06,4069033,7755370280000.0,7125.0,1472752,0.3619
2014-04-09,NHPC,EQ,19.05,19.05,19.8,19.05,19.7,19.7,19.6,8243984,16154693200000.0,10561.0,3148004,0.38189999999999996
2014-04-10,NHPC,EQ,19.7,19.7,20.6,19.45,20.05,20.15,20.2,12324782,24899225090000.0,16972.0,4478396,0.36340000000000006
2014-04-11,NHPC,EQ,20.15,20.1,20.85,19.9,20.35,20.5,20.53,9573280,19650260505000.0,14439.0,2659636,0.2778
2014-04-15,NHPC,EQ,20.5,20.5,20.75,19.8,20.1,20.2,20.22,7392364,14946290119999.998,8458.0,2018294,0.273
2014-04-16,NHPC,EQ,20.2,20.05,20.3,19.75,19.9,19.9,20.01,5434994,10873818965000.0,7363.0,1840880,0.3387
2014-04-17,NHPC,EQ,19.9,19.85,20.15,19.8,20.0,20.0,19.99,3555777,7108736784999.999,4246.0,1306222,0.3674
2014-04-21,NHPC,EQ,20.0,19.95,20.4,19.95,20.15,20.1,20.23,5535841,11198479140000.0,6977.0,1811436,0.3272
2014-04-22,NHPC,EQ,20.1,20.15,20.25,19.9,19.95,19.95,20.06,4640885,9308641515000.0,8376.0,1396171,0.3008
2014-04-23,NHPC,EQ,19.95,20.0,20.2,19.95,20.1,20.0,20.06,8970041,17993473045000.0,8615.0,3741743,0.4171
2014-04-25,NHPC,EQ,20.0,20.1,20.2,19.8,19.85,19.85,19.94,3775403,7527878425000.0,5144.0,1826170,0.48369999999999996
2014-04-28,NHPC,EQ,19.85,19.95,20.25,19.85,20.1,20.1,20.04,3990189,7996128045000.0,4414.0,1493623,0.3743
2014-04-29,NHPC,EQ,20.1,20.1,20.2,19.55,19.65,19.65,19.87,3594926,7143323070000.0,6443.0,1203419,0.3348
2014-04-30,NHPC,EQ,19.65,19.7,19.9,18.55,18.95,19.0,19.16,7411240,14201893225000.0,10675.0,2923667,0.3945
2014-05-02,NHPC,EQ,19.0,19.15,19.3,18.9,19.15,19.15,19.17,5901781,11312192880000.0,7861.0,1026581,0.1739
2014-05-05,NHPC,EQ,19.15,19.05,19.2,18.9,18.9,18.95,19.03,3853690,7331842920000.0,4931.0,1988288,0.5159
2014-05-06,NHPC,EQ,18.95,18.95,19.05,18.75,18.8,18.8,18.91,3702655,7001027195000.0,4463.0,1879744,0.5077
2014-05-07,NHPC,EQ,18.8,18.7,18.95,18.65,18.75,18.7,18.8,4892879,9199849405000.0,7227.0,2327830,0.4758
2014-05-08,NHPC,EQ,18.7,18.75,18.95,18.4,18.5,18.45,18.69,8197445,15318564775000.0,4926.0,2017309,0.2461
2014-05-09,NHPC,EQ,18.45,18.4,19.15,18.4,18.95,18.95,18.87,4852942,9157157465000.0,5140.0,2137811,0.4405
2014-05-12,NHPC,EQ,18.95,19.0,19.55,19.0,19.45,19.4,19.32,5286637,10215951080000.0,7469.0,2330467,0.44079999999999997
2014-05-13,NHPC,EQ,19.4,19.9,20.4,19.55,20.15,20.0,19.97,14057528,28065876000000.0,19873.0,5681089,0.40409999999999996
2014-05-14,NHPC,EQ,20.0,20.35,20.85,19.9,20.8,20.65,20.38,10722193,21854544165000.0,18662.0,4762579,0.44420000000000004
2014-05-15,NHPC,EQ,20.65,20.8,20.95,20.05,20.3,20.35,20.42,14614691,29845661785000.004,22516.0,3819589,0.2614
2014-05-16,NHPC,EQ,20.35,20.9,21.3,20.25,20.5,20.5,20.84,19068810,39742485890000.0,23614.0,7775200,0.40770000000000006
2014-05-19,NHPC,EQ,20.5,20.8,23.5,20.65,23.4,23.3,22.53,31475822,70924000450000.0,43693.0,10694860,0.3398
2014-05-20,NHPC,EQ,23.3,23.65,24.15,22.5,23.4,23.45,23.55,23720179,55868149300000.0,37588.0,8094229,0.3412
2014-05-21,NHPC,EQ,23.45,23.7,24.1,22.75,23.35,23.4,23.4,20346951,47608922915000.0,24925.0,7006482,0.3444
2014-05-22,NHPC,EQ,23.4,23.75,26.85,23.5,26.4,26.3,25.59,59893101,153249165425000.0,89311.0,17928817,0.2993
2014-05-23,NHPC,EQ,26.3,26.75,27.4,26.05,27.15,27.1,26.82,30490555,81782981575000.0,61998.0,8252368,0.2707
2014-05-26,NHPC,EQ,27.1,27.6,28.6,24.4,25.65,25.65,27.14,35625522,96686607580000.0,59719.0,10553985,0.2962
2014-05-27,NHPC,EQ,25.65,25.7,25.8,24.0,24.75,24.75,24.67,20872075,51487001175000.0,36680.0,5887900,0.2821
2014-05-28,NHPC,EQ,24.75,24.75,25.4,24.25,25.1,25.0,24.97,17078872,42645956175000.0,31425.0,5380703,0.31510000000000005
2014-05-29,NHPC,EQ,25.0,25.05,25.35,24.6,24.95,25.0,24.99,18939651,47323636110000.0,20896.0,6728951,0.3553
2014-05-30,NHPC,EQ,25.0,25.3,25.4,24.55,24.8,24.8,25.03,13911816,34827344775000.0,25597.0,4783259,0.34380000000000005
2014-06-02,NHPC,EQ,24.8,23.5,25.2,23.45,25.15,25.05,24.53,18236363,44742126645000.0,29948.0,5772406,0.3165
2014-06-03,NHPC,EQ,25.05,25.1,25.35,24.75,25.05,25.1,25.05,7997325,20035690345000.0,17034.0,2413873,0.3018
2014-06-04,NHPC,EQ,25.1,24.85,26.35,24.85,25.7,25.85,25.81,15165247,39135693500000.0,27829.0,5011054,0.33039999999999997
2014-06-05,NHPC,EQ,25.85,25.95,27.0,25.65,26.55,26.6,26.4,16782046,44298865140000.0,32106.0,5851811,0.34869999999999995
2014-06-06,NHPC,EQ,26.6,26.9,27.2,26.2,26.75,26.75,26.68,13541759,36128086845000.0,30929.0,4783233,0.3532
2014-06-09,NHPC,EQ,26.75,27.0,28.55,26.5,28.1,28.15,27.58,29285911,80756875615000.0,39613.0,11477684,0.39189999999999997
2014-06-10,NHPC,EQ,28.15,28.4,28.55,27.05,28.1,28.15,27.82,23731996,66014103370000.01,38378.0,6449483,0.2718
2014-06-11,NHPC,EQ,28.15,28.35,29.6,27.35,27.6,28.0,28.64,43915687,125774840895000.0,68585.0,9564550,0.21780000000000002
2014-06-12,NHPC,EQ,28.0,28.0,29.2,27.4,28.65,28.7,28.46,29793308,84797712630000.0,43538.0,7351027,0.24670000000000003
2014-06-13,NHPC,EQ,28.7,29.05,29.1,26.75,26.9,27.05,27.84,28118700,78291049410000.0,52198.0,6535535,0.2324
2014-06-16,NHPC,EQ,27.05,26.9,27.05,25.65,26.35,26.35,26.26,21117136,55461262879999.99,38135.0,6362720,0.3013
2014-06-17,NHPC,EQ,26.35,26.2,27.05,26.05,27.05,27.0,26.61,14710566,39151818155000.0,30567.0,3617086,0.2459
2014-06-18,NHPC,EQ,27.0,27.1,27.4,25.8,26.1,26.25,26.67,19589676,52240101760000.0,35976.0,3895149,0.1988
2014-06-19,NHPC,EQ,26.25,26.3,26.7,25.9,26.15,26.2,26.34,12366405,32575548575000.0,26210.0,2177162,0.1761
2014-06-20,NHPC,EQ,26.2,26.05,26.35,25.95,26.25,26.1,26.14,8956051,23412011645000.0,13392.0,2328157,0.26
2014-06-23,NHPC,EQ,26.1,26.1,26.45,25.8,26.05,26.0,26.07,8440229,22004543110000.0,13364.0,1954264,0.23149999999999998
2014-06-24,NHPC,EQ,26.0,26.0,26.85,26.0,26.35,26.3,26.42,15841111,41846196630000.0,18428.0,7074792,0.4466
2014-06-25,NHPC,EQ,26.3,26.35,26.65,26.2,26.2,26.3,26.38,6817682,17983123005000.0,14466.0,1662068,0.2438
2014-06-26,NHPC,EQ,26.3,26.35,26.45,25.8,25.9,25.95,26.16,13273016,34723433245000.0,20920.0,4201904,0.3166
2014-06-27,NHPC,EQ,25.95,25.85,26.25,25.35,25.8,25.75,25.8,13876383,35804431830000.0,30627.0,4669448,0.33649999999999997
2014-06-30,NHPC,EQ,25.75,25.85,26.45,25.8,26.4,26.4,26.26,8160714,21433164920000.0,11137.0,2359690,0.2892
2014-07-01,NHPC,EQ,26.4,26.45,26.65,26.1,26.15,26.2,26.31,6470378,17020872235000.0,8178.0,2116834,0.3272
2014-07-02,NHPC,EQ,26.2,26.45,27.75,26.4,27.65,27.6,27.11,18224649,49410358460000.0,26879.0,5934077,0.32560000000000006
2014-07-03,NHPC,EQ,27.6,27.95,27.95,26.9,27.2,27.2,27.31,14807519,40444977290000.0,22566.0,4435446,0.2995
2014-07-04,NHPC,EQ,27.2,27.3,27.7,26.95,27.4,27.4,27.34,9697181,26515876655000.0,14157.0,2415707,0.24910000000000002
2014-07-07,NHPC,EQ,27.4,27.5,27.6,27.0,27.15,27.15,27.22,9199819,25044944170000.0,10607.0,3397396,0.3693
2014-07-08,NHPC,EQ,27.15,27.45,27.45,24.8,24.95,25.1,26.02,12515917,32565331005000.0,21924.0,3971638,0.3173
2014-07-09,NHPC,EQ,25.1,25.15,25.3,23.5,24.65,24.55,24.64,11629500,28655615970000.0,21557.0,2604784,0.22399999999999998
2014-07-10,NHPC,EQ,24.55,24.9,25.85,23.75,24.9,24.9,25.03,17167074,42968460200000.0,30272.0,3806883,0.2218
2014-07-11,NHPC,EQ,24.9,25.0,25.3,23.5,23.6,23.6,24.25,9710343,23552004440000.0,17035.0,3886772,0.40030000000000004
2014-07-14,NHPC,EQ,23.6,23.65,24.05,23.5,23.8,23.75,23.79,5534502,13168931975000.0,11329.0,1361386,0.24600000000000002
2014-07-15,NHPC,EQ,23.75,23.85,24.25,23.6,24.0,24.0,23.97,5370778,12873601665000.0,9376.0,1308488,0.2436
2014-07-16,NHPC,EQ,24.0,24.2,24.45,23.85,24.4,24.35,24.17,4724174,11416903880000.0,8256.0,1467890,0.31070000000000003
2014-07-17,NHPC,EQ,24.35,24.35,24.75,24.15,24.6,24.55,24.49,8730299,21384229010000.0,15343.0,2856192,0.3272
2014-07-18,NHPC,EQ,24.55,24.5,24.55,23.95,24.0,24.0,24.13,4350491,10496184705000.0,10175.0,1221291,0.2807
2014-07-21,NHPC,EQ,24.0,24.15,24.35,24.0,24.0,24.05,24.19,4957358,11991803030000.0,10145.0,1369655,0.2763
2014-07-22,NHPC,EQ,24.05,24.0,24.05,23.5,23.65,23.65,23.65,5901080,13954524775000.0,13879.0,2000797,0.33909999999999996
2014-07-23,NHPC,EQ,23.65,23.65,23.95,23.3,23.7,23.65,23.67,6161934,14587716094999.998,13267.0,1622620,0.2633
2014-07-24,NHPC,EQ,23.65,23.7,23.9,23.45,23.55,23.55,23.67,4959912,11741209570000.0,11065.0,1376469,0.2775
2014-07-25,NHPC,EQ,23.55,23.5,23.55,22.75,23.1,23.1,23.09,5989673,13831724000000.0,10210.0,2167005,0.3618
2014-07-28,NHPC,EQ,23.1,22.95,23.15,22.75,22.9,22.85,22.92,3996400,9160046110000.0,8784.0,981899,0.2457
2014-07-30,NHPC,EQ,22.85,22.8,23.2,22.75,23.1,23.05,23.03,6330672,14576676719999.998,9083.0,2274987,0.3594
2014-07-31,NHPC,EQ,23.05,23.0,23.25,22.7,22.8,22.85,22.95,10811982,24811988900000.0,8867.0,5443195,0.5034000000000001
2014-08-01,NHPC,EQ,22.85,22.5,22.9,22.45,22.55,22.5,22.62,4055664,9175232320000.0,17195.0,997043,0.2458
2014-08-04,NHPC,EQ,22.5,22.55,22.75,22.25,22.45,22.4,22.39,3593208,8045411795000.0,11778.0,894475,0.2489
2014-08-05,NHPC,EQ,22.4,22.55,23.25,22.45,23.05,23.1,22.79,5259350,11985243145000.0,12802.0,1521977,0.28940000000000005
2014-08-06,NHPC,EQ,23.1,23.05,23.2,22.7,22.8,22.75,22.96,5043047,11581246015000.0,12717.0,1463399,0.2902
2014-08-07,NHPC,EQ,22.75,22.8,22.85,22.25,22.5,22.45,22.54,4991062,11248170050000.0,10432.0,1171744,0.2348
2014-08-08,NHPC,EQ,22.45,22.2,22.25,21.85,21.95,21.95,22.03,4650952,10245551530000.0,11382.0,2031987,0.4369
2014-08-11,NHPC,EQ,21.95,22.1,22.2,21.9,22.0,21.95,22.05,2933321,6467836430000.0,7238.0,901478,0.3073
2014-08-12,NHPC,EQ,21.95,22.0,22.15,21.95,22.05,22.05,22.06,3193077,7043859609999.999,10019.0,1299769,0.4071
2014-08-13,NHPC,EQ,22.05,22.0,22.05,20.45,20.8,20.8,21.13,6148716,12992338525000.0,17252.0,2522374,0.41020000000000006
2014-08-14,NHPC,EQ,20.8,20.8,21.4,20.8,21.3,21.3,21.11,3805170,8034441984999.999,7262.0,1642378,0.4316
2014-08-18,NHPC,EQ,21.3,21.15,21.7,21.15,21.65,21.65,21.57,3107493,6703302875000.0,8762.0,1107620,0.3564
2014-08-19,NHPC,EQ,21.65,21.7,22.05,21.6,21.9,21.9,21.8,3731253,8132712075000.0,6799.0,1321751,0.3542
2014-08-20,NHPC,EQ,21.9,22.0,22.55,21.75,22.25,22.3,22.21,6675586,14823230350000.0,13732.0,1414411,0.2119
2014-08-21,NHPC,EQ,22.3,22.4,22.45,21.8,21.95,21.9,22.1,4602744,10172253905000.0,9189.0,1306234,0.2838
2014-08-22,NHPC,EQ,21.9,22.1,22.35,21.9,21.9,21.95,22.1,3999053,8839345945000.0,8088.0,1252080,0.3131
2014-08-25,NHPC,EQ,21.95,21.95,21.95,21.25,21.3,21.35,21.73,3427262,7448040150000.0,5847.0,949903,0.2772
2014-08-26,NHPC,EQ,21.35,21.2,21.3,20.7,21.0,20.95,20.96,5669361,11883985530000.0,8015.0,1769770,0.3122
2014-08-27,NHPC,EQ,20.95,21.0,21.25,20.8,20.95,20.95,21.05,5579665,11744992880000.0,8930.0,1273792,0.22829999999999998
2014-08-28,NHPC,EQ,20.95,20.95,22.3,20.9,21.6,21.65,21.77,16598231,36132046380000.0,24804.0,3704936,0.2232
2014-09-01,NHPC,EQ,21.65,21.95,22.05,21.55,22.05,21.95,21.81,3778484,8240940920000.0,9266.0,1183228,0.3131
2014-09-02,NHPC,EQ,21.95,21.9,22.05,21.75,21.9,21.9,21.89,2924521,6400535420000.0,4414.0,1149194,0.39299999999999996
2014-09-03,NHPC,EQ,21.9,21.75,22.0,21.4,21.55,21.55,21.67,3671165,7954670659999.999,7194.0,1096004,0.29850000000000004
2014-09-04,NHPC,EQ,21.55,21.45,21.55,21.0,21.2,21.15,21.21,3300998,7002957195000.0,6590.0,867192,0.2627
2014-09-05,NHPC,EQ,21.15,21.1,21.5,20.95,21.35,21.3,21.16,4571204,9671411980000.0,8485.0,1133441,0.24800000000000003
2014-09-08,NHPC,EQ,21.3,21.35,21.5,21.15,21.4,21.4,21.32,3716200,7924697465000.001,6774.0,1321727,0.3557
2014-09-09,NHPC,EQ,21.4,21.35,22.65,21.35,22.45,22.5,22.11,8869676,19611311140000.0,9887.0,3827865,0.4316
2014-09-10,NHPC,EQ,22.5,22.65,22.9,22.25,22.35,22.45,22.63,9895500,22393701615000.0,13308.0,2848536,0.2879
2014-09-11,NHPC,EQ,22.45,22.35,22.4,21.05,21.35,21.3,21.52,14042462,30215172589999.996,20673.0,4536679,0.32310000000000005
2014-09-12,NHPC,EQ,21.3,21.3,21.65,21.05,21.25,21.25,21.3,7303325,15553291044999.998,12896.0,2024438,0.2772
2014-09-15,NHPC,EQ,21.25,21.15,21.25,21.0,21.1,21.05,21.13,4342339,9176259495000.0,9194.0,1839128,0.42350000000000004
2014-09-16,NHPC,EQ,21.05,21.0,21.25,20.0,20.1,20.05,20.59,9967968,20520025495000.0,20338.0,3483800,0.34950000000000003
2014-09-17,NHPC,EQ,20.05,20.15,20.3,20.0,20.25,20.15,20.12,6084465,12243809450000.0,11076.0,2491539,0.40950000000000003
2014-09-18,NHPC,EQ,20.15,20.05,21.0,20.05,20.7,20.65,20.62,5762388,11881173930000.0,12203.0,1812246,0.3145
2014-09-19,NHPC,EQ,20.65,20.65,20.95,20.5,20.85,20.85,20.76,9871884,20495978715000.0,15543.0,4457175,0.4515
2014-09-22,NHPC,EQ,20.85,20.8,21.0,20.6,20.85,20.85,20.83,4572474,9525260865000.0,11955.0,1104480,0.2415
2014-09-23,NHPC,EQ,20.85,20.75,20.85,20.0,20.1,20.05,20.34,11502101,23398040890000.0,14267.0,4980379,0.433
2014-09-24,NHPC,EQ,20.05,20.05,20.2,19.75,19.9,19.85,19.9,6734310,13403606350000.0,11967.0,1546037,0.22960000000000003
2014-09-25,NHPC,EQ,19.85,19.9,20.0,19.25,19.3,19.3,19.59,9974955,19539713815000.0,21004.0,2835219,0.2842
2014-09-26,NHPC,EQ,19.3,19.15,19.65,19.05,19.55,19.55,19.34,6775259,13104670895000.0,13846.0,1576761,0.2327
2014-09-29,NHPC,EQ,19.55,19.6,20.15,19.6,19.75,19.65,19.86,4582605,9101096990000.0,11911.0,978544,0.21350000000000002
2014-09-30,NHPC,EQ,19.65,19.75,19.95,19.4,19.45,19.45,19.67,3422610,6730779080000.0,12096.0,897315,0.2622
2014-10-01,NHPC,EQ,19.45,19.35,19.55,19.0,19.15,19.1,19.21,3458804,6645957175000.0,11379.0,1215744,0.3515
2014-10-07,NHPC,EQ,19.1,19.1,19.3,18.95,19.1,19.05,19.11,3566402,6817172105000.0,9065.0,1512121,0.424
2014-10-08,NHPC,EQ,19.05,18.95,19.3,18.95,19.15,19.1,19.16,3043923,5830697075000.0,11415.0,1078566,0.3543
2014-10-09,NHPC,EQ,19.1,19.0,19.65,19.0,19.55,19.6,19.44,3432775,6673837765000.0,11118.0,884434,0.2576
2014-10-10,NHPC,EQ,19.6,19.45,19.45,19.05,19.15,19.1,19.24,2419988,4655746805000.0,9392.0,706497,0.2919
2014-10-13,NHPC,EQ,19.1,19.1,19.2,19.0,19.05,19.05,19.08,1625594,3101541850000.0,9004.0,569845,0.3505
2014-10-14,NHPC,EQ,19.05,19.05,19.2,19.0,19.15,19.15,19.11,1594331,3047337730000.0,3578.0,599295,0.37590000000000007
2014-10-16,NHPC,EQ,19.15,19.05,19.55,18.9,18.95,19.0,19.24,7106784,13671604265000.0,12082.0,1766404,0.2486
2014-10-17,NHPC,EQ,19.0,19.0,19.35,18.95,19.2,19.2,19.09,3750718,7158330815000.001,5971.0,1201668,0.3204
2014-10-20,NHPC,EQ,19.2,19.25,19.35,19.05,19.15,19.1,19.19,3148170,6041524415000.0,4633.0,1009356,0.32060000000000005
2014-10-21,NHPC,EQ,19.1,19.05,19.65,19.05,19.55,19.5,19.4,4955054,9610981875000.0,9644.0,1640471,0.3311
2014-10-22,NHPC,EQ,19.5,19.65,20.35,19.6,20.3,20.2,20.01,7202196,14415005780000.002,12724.0,2162262,0.3002
2014-10-23,NHPC,EQ,20.2,20.35,20.4,20.1,20.35,20.25,20.3,2806708,5696227700000.0,4189.0,977111,0.3481
2014-10-27,NHPC,EQ,20.25,20.35,20.4,19.85,19.9,19.95,20.11,3211573,6457782555000.0,6138.0,806480,0.2511
2014-10-28,NHPC,EQ,19.95,19.95,20.1,19.8,19.95,20.0,19.95,3233766,6452976640000.0,7793.0,679485,0.2101
2014-10-29,NHPC,EQ,20.0,20.05,20.15,19.8,19.9,19.9,19.98,4390524,8771049225000.0,9887.0,1306594,0.29760000000000003
2014-10-30,NHPC,EQ,19.9,19.9,20.15,19.8,20.0,20.0,20.01,14890618,29791480285000.004,10771.0,7073268,0.47500000000000003
2014-10-31,NHPC,EQ,20.0,20.05,20.85,20.05,20.6,20.65,20.54,7831164,16083108500000.0,15629.0,2455282,0.3135
2014-11-03,NHPC,EQ,20.65,20.8,21.35,20.35,21.2,21.2,20.94,8477622,17756184280000.0,16541.0,2364791,0.27890000000000004
2014-11-05,NHPC,EQ,21.2,21.4,21.65,21.05,21.1,21.1,21.3,7496985,15965343835000.0,12224.0,2291302,0.3056
2014-11-07,NHPC,EQ,21.1,21.1,21.5,20.9,21.2,21.25,21.22,9199301,19517956415000.0,11167.0,3285824,0.3572
2014-11-10,NHPC,EQ,21.25,21.25,21.35,20.9,21.05,21.05,21.06,4914321,10348174120000.0,8628.0,1761292,0.35840000000000005
2014-11-11,NHPC,EQ,21.05,21.05,21.2,20.85,20.95,21.0,20.99,4445928,9331474125000.0,9546.0,1723635,0.38770000000000004
2014-11-12,NHPC,EQ,21.0,21.0,21.1,20.7,20.75,20.8,20.94,3913228,8195623840000.001,8257.0,1544594,0.3947
2014-11-13,NHPC,EQ,20.8,20.95,20.95,20.25,20.45,20.35,20.5,6772095,13885044180000.002,14801.0,2717637,0.40130000000000005
2014-11-14,NHPC,EQ,20.35,20.2,20.65,20.2,20.5,20.5,20.48,4909099,10052292300000.0,12315.0,1580838,0.322
2014-11-17,NHPC,EQ,20.5,20.45,21.05,20.3,20.9,20.95,20.87,5701311,11897250340000.0,7371.0,1690044,0.2964
2014-11-18,NHPC,EQ,20.95,20.95,21.4,20.85,21.2,21.2,21.13,6077000,12840049365000.0,9275.0,1917412,0.3155
2014-11-19,NHPC,EQ,21.2,21.3,21.35,20.55,20.65,20.65,20.95,3769324,7895487205000.0,5604.0,1167618,0.3098
2014-11-20,NHPC,EQ,20.65,20.6,20.8,20.25,20.45,20.4,20.5,5263614,10787920565000.0,5692.0,1907281,0.3624
2014-11-21,NHPC,EQ,20.4,20.4,20.6,20.2,20.35,20.3,20.42,3727040,7610156225000.0,7509.0,995170,0.267
2014-11-24,NHPC,EQ,20.3,20.35,20.45,20.1,20.2,20.2,20.26,3617581,7328496730000.0,6571.0,1002442,0.2771
2014-11-25,NHPC,EQ,20.2,20.15,20.25,19.7,19.85,19.9,19.85,6509156,12921699135000.0,8739.0,1841438,0.2829
2014-11-26,NHPC,EQ,19.9,20.0,20.3,19.8,20.2,20.15,20.11,5169451,10397405680000.0,9251.0,1436210,0.2778
2014-11-27,NHPC,EQ,20.15,20.15,20.2,19.9,20.0,20.0,20.07,7806668,15667972985000.0,9447.0,2972398,0.38079999999999997
2014-11-28,NHPC,EQ,20.0,20.05,20.6,20.05,20.3,20.35,20.33,5081622,10329858215000.0,8279.0,1735981,0.34159999999999996
2014-12-01,NHPC,EQ,20.35,20.35,20.45,19.9,20.0,20.0,20.13,3416000,6875651825000.0,6596.0,922212,0.27
2014-12-02,NHPC,EQ,20.0,19.85,20.1,19.85,20.1,20.05,19.98,3154341,6302064065000.0,9245.0,1075202,0.34090000000000004
2014-12-03,NHPC,EQ,20.05,20.05,20.45,19.95,20.25,20.25,20.25,4167879,8440240305000.0,18491.0,1286180,0.3086
2014-12-04,NHPC,EQ,20.25,20.3,20.45,20.05,20.15,20.15,20.2,2868166,5793811145000.0,12227.0,1332550,0.4646
2014-12-05,NHPC,EQ,20.15,20.1,20.2,19.95,20.05,20.0,20.08,2557078,5134380385000.0,8028.0,951434,0.37210000000000004
2014-12-08,NHPC,EQ,20.0,19.95,20.0,19.55,19.65,19.65,19.68,5215726,10263789750000.0,8911.0,1742485,0.33409999999999995
2014-12-09,NHPC,EQ,19.65,19.6,19.7,19.3,19.35,19.35,19.54,3488843,6818517750000.0,7299.0,1528847,0.43820000000000003
2014-12-10,NHPC,EQ,19.35,19.3,19.45,19.2,19.35,19.35,19.35,2458940,4757426375000.0,10422.0,861363,0.3503
2014-12-11,NHPC,EQ,19.35,19.3,19.35,19.05,19.05,19.1,19.17,2686390,5150819125000.0,8377.0,1205082,0.4486
2014-12-12,NHPC,EQ,19.1,19.1,19.35,18.9,18.9,19.0,19.17,3323687,6371268370000.0,7997.0,1755369,0.5281
2014-12-15,NHPC,EQ,19.0,19.0,19.0,18.75,18.85,18.9,18.87,2973346,5611996855000.0,7931.0,1433575,0.48210000000000003
2014-12-16,NHPC,EQ,18.9,18.7,18.8,18.5,18.55,18.55,18.64,4249195,7919180250000.0,9981.0,1952674,0.4595
2014-12-17,NHPC,EQ,18.55,18.45,18.55,17.95,18.25,18.3,18.29,5516375,10088873415000.0,13556.0,1943750,0.35240000000000005
2014-12-18,NHPC,EQ,18.3,18.4,18.9,18.4,18.8,18.75,18.73,2616392,4900882755000.0,8084.0,846443,0.3235
2014-12-19,NHPC,EQ,18.75,18.85,19.0,18.7,18.85,18.9,18.86,3770200,7112347059999.999,11674.0,1612673,0.4277
2014-12-22,NHPC,EQ,18.9,18.9,19.15,18.75,19.15,19.05,18.99,5075751,9639188655000.0,11539.0,1396471,0.2751
2014-12-23,NHPC,EQ,19.05,19.1,19.2,18.85,18.9,18.9,19.01,5022411,9548563870000.0,8648.0,2176527,0.43340000000000006
2014-12-24,NHPC,EQ,18.9,18.9,19.1,18.6,18.7,18.75,18.81,14166051,26646631100000.0,11500.0,6607500,0.46640000000000004
2014-12-26,NHPC,EQ,18.75,18.75,19.0,18.7,18.8,18.8,18.83,2495815,4700466515000.0,10654.0,799891,0.32049999999999995
2014-12-29,NHPC,EQ,18.8,18.85,19.05,18.8,18.8,18.85,18.93,1472869,2788154555000.0,7663.0,514944,0.3496
2014-12-30,NHPC,EQ,18.85,18.85,18.85,18.65,18.8,18.75,18.75,2348724,4404635625000.0,8790.0,1069386,0.45530000000000004
2014-12-31,NHPC,EQ,18.75,18.7,19.05,18.7,18.9,18.85,18.91,4927978,9316506325000.0,8332.0,1904394,0.3864
2015-01-01,NHPC,EQ,18.85,18.7,19.0,18.7,18.9,18.9,18.88,1950452,3683210915000.0,6697.0,604186,0.3098
2015-01-02,NHPC,EQ,18.9,18.9,19.2,18.9,19.05,19.05,19.11,3189435,6093614650000.0,8607.0,1292684,0.4053
2015-01-05,NHPC,EQ,19.05,19.05,19.15,18.9,18.95,18.9,19.01,1847875,3512323120000.0005,7252.0,1127464,0.6101
2015-01-06,NHPC,EQ,18.9,18.85,18.85,18.4,18.55,18.5,18.63,3339702,6220718520000.0,11993.0,1618767,0.4847
2015-01-07,NHPC,EQ,18.5,18.6,18.65,18.15,18.3,18.25,18.38,3502444,6438639055000.0,9782.0,1368451,0.3907
2015-01-08,NHPC,EQ,18.25,18.3,18.65,18.3,18.6,18.6,18.53,2240276,4151908650000.0,9366.0,723491,0.3229
2015-01-09,NHPC,EQ,18.6,18.7,18.75,18.45,18.5,18.55,18.62,2290089,4263796829999.9995,6126.0,893272,0.3901
2015-01-12,NHPC,EQ,18.55,18.5,18.7,18.4,18.6,18.6,18.55,2673144,4958739025000.0,7301.0,1032232,0.3861
2015-01-13,NHPC,EQ,18.6,18.6,18.75,18.4,18.55,18.55,18.55,3435110,6371059670000.0,8019.0,1274696,0.3711
2015-01-14,NHPC,EQ,18.55,18.7,19.8,18.7,19.7,19.6,19.43,16711949,32473045820000.0,25053.0,6902923,0.4131
2015-01-15,NHPC,EQ,19.6,19.95,20.0,19.35,19.5,19.5,19.54,5024923,9819854645000.0,12640.0,2196112,0.43700000000000006
2015-01-16,NHPC,EQ,19.5,19.5,19.7,19.25,19.35,19.35,19.46,3498033,6805901140000.001,10108.0,1742142,0.498
2015-01-19,NHPC,EQ,19.35,19.25,19.6,19.2,19.25,19.3,19.39,3960325,7677331895000.0,7987.0,1684491,0.4253
2015-01-20,NHPC,EQ,19.3,19.25,19.35,19.0,19.15,19.1,19.21,2588592,4972464855000.0,6457.0,1098885,0.42450000000000004
2015-01-21,NHPC,EQ,19.1,19.25,19.25,19.0,19.1,19.1,19.1,2858759,5458831215000.0,3913.0,1502283,0.5255
2015-01-22,NHPC,EQ,19.1,19.1,20.0,19.05,19.9,19.9,19.52,6091163,11889255425000.0,13110.0,2686008,0.441
2015-01-23,NHPC,EQ,19.9,19.95,20.1,19.6,19.85,19.85,19.82,4099924,8127762640000.001,10737.0,1861702,0.45409999999999995
2015-01-27,NHPC,EQ,19.85,19.7,19.9,19.5,19.65,19.65,19.7,2245670,4423149390000.0,12434.0,971456,0.4326
2015-01-28,NHPC,EQ,19.65,19.55,20.3,19.5,19.95,20.05,19.93,5361239,10687275275000.0,11360.0,2066279,0.3854
2015-01-29,NHPC,EQ,20.05,19.9,19.95,19.55,19.8,19.7,19.71,6530205,12873990775000.0,13504.0,2848104,0.4361
2015-01-30,NHPC,EQ,19.7,19.7,20.0,19.2,19.3,19.25,19.52,5212636,10176791260000.0,16884.0,2506260,0.4808
2015-02-02,NHPC,EQ,19.25,19.1,20.2,19.1,19.6,19.55,19.62,9578903,18792919315000.0,15220.0,3332165,0.3479
2015-02-03,NHPC,EQ,19.55,19.6,20.45,19.5,19.9,19.9,19.89,14594165,29024012045000.0,25675.0,4222927,0.28940000000000005
2015-02-04,NHPC,EQ,19.9,19.9,20.3,19.6,20.05,20.0,19.96,6430999,12835230815000.0,15109.0,2151826,0.3346
2015-02-05,NHPC,EQ,20.0,20.0,20.45,19.75,19.75,20.05,20.2,10574876,21362164270000.0,12989.0,4486071,0.4242
2015-02-06,NHPC,EQ,20.05,19.9,20.15,19.65,19.9,20.0,19.86,5831316,11583837780000.0,17612.0,2968496,0.5091
2015-02-09,NHPC,EQ,20.0,20.0,20.05,19.7,19.9,19.85,19.87,3945615,7838362745000.0,15128.0,1803297,0.457
2015-02-10,NHPC,EQ,19.85,19.7,19.95,19.55,19.75,19.8,19.76,5354275,10581927415000.0,15249.0,2863979,0.5349
2015-02-11,NHPC,EQ,19.8,19.75,20.2,19.75,20.15,20.05,19.94,3765520,7507522375000.0,13236.0,2146204,0.5700000000000001
2015-02-12,NHPC,EQ,20.05,20.2,20.95,20.05,20.75,20.75,20.58,8946922,18409207340000.0,19730.0,2995670,0.3348
2015-02-13,NHPC,EQ,20.75,20.75,21.0,20.45,20.75,20.9,20.8,5065995,10534828655000.0,16754.0,1952580,0.3854
2015-02-16,NHPC,EQ,20.9,20.4,21.2,20.4,20.55,20.65,20.85,4641027,9674466310000.0,12173.0,1737198,0.3743
2015-02-18,NHPC,EQ,20.65,20.6,21.15,20.55,20.85,20.85,20.9,5784644,12087161055000.0,12368.0,2241863,0.3876
2015-02-19,NHPC,EQ,20.85,20.75,21.05,20.4,20.9,20.9,20.71,5847135,12109892805000.0,22149.0,2028054,0.3468
2015-02-20,NHPC,EQ,20.9,20.85,21.1,20.65,20.85,20.85,20.91,5801996,12132992940000.0,13810.0,2166370,0.37340000000000007
2015-02-23,NHPC,EQ,20.85,20.95,21.15,20.6,21.0,21.0,20.94,6065761,12703871115000.0,8052.0,3606965,0.5946
2015-02-24,NHPC,EQ,21.0,21.0,21.05,20.65,20.95,20.95,20.91,6454726,13495251625000.0,13898.0,3567631,0.5527000000000001
2015-02-25,NHPC,EQ,20.95,21.0,21.35,20.8,21.05,21.0,21.05,4656002,9800184940000.0,14355.0,1888130,0.40549999999999997
2015-02-26,NHPC,EQ,21.0,20.95,21.25,20.5,20.6,20.75,20.84,15414904,32125034035000.004,16626.0,8522713,0.5529000000000001
2015-02-27,NHPC,EQ,20.75,20.7,21.3,20.65,21.25,21.25,21.02,6226297,13086412025000.0,7447.0,3089143,0.4961
2015-02-28,NHPC,EQ,21.25,21.3,21.75,20.9,21.25,21.25,21.36,8068486,17231674094999.998,14230.0,2460369,0.3049
2015-03-02,NHPC,EQ,21.25,21.1,21.45,20.85,20.9,21.0,21.07,3167019,6672117845000.0,8104.0,1259654,0.39770000000000005
2015-03-03,NHPC,EQ,21.0,20.95,21.3,20.9,21.05,21.05,21.06,2839048,5980097125000.0,7836.0,1177886,0.41490000000000005
2015-03-04,NHPC,EQ,21.05,21.05,21.25,20.35,20.5,20.45,20.81,4867068,10128847415000.0,16858.0,2136609,0.439
2015-03-05,NHPC,EQ,20.45,20.5,20.6,20.05,20.1,20.15,20.25,3026768,6129527785000.0,10067.0,1002559,0.3312
2015-03-09,NHPC,EQ,20.15,20.1,20.1,19.75,19.85,19.8,19.91,2799565,5575021035000.0,9617.0,1592140,0.5687
2015-03-10,NHPC,EQ,19.8,19.8,19.95,19.55,19.7,19.6,19.73,1950404,3848147279999.9995,9066.0,840252,0.4308
2015-03-11,NHPC,EQ,19.6,19.7,20.0,19.6,19.8,19.7,19.76,2078891,4107348795000.0005,13517.0,779710,0.3751
2015-03-12,NHPC,EQ,19.7,19.7,20.1,19.7,19.9,19.9,19.89,2312333,4598205375000.0,12986.0,985135,0.42600000000000005
2015-03-13,NHPC,EQ,19.9,19.95,20.1,19.6,19.6,19.65,19.75,1604805,3169599550000.0,9624.0,762937,0.4754
2015-03-16,NHPC,EQ,19.65,19.65,19.7,19.35,19.45,19.4,19.48,2001449,3899805865000.0,8484.0,1080245,0.5397
2015-03-17,NHPC,EQ,19.4,19.55,19.6,19.25,19.3,19.4,19.39,2572807,4989220175000.0,8669.0,1129251,0.4389
2015-03-18,NHPC,EQ,19.4,19.35,19.75,19.3,19.55,19.55,19.57,4089547,8005068425000.0,7771.0,1705908,0.4171
2015-03-19,NHPC,EQ,19.55,19.6,19.95,19.5,19.8,19.8,19.75,4916886,9712024920000.0,7187.0,2707605,0.5507
2015-03-20,NHPC,EQ,19.8,19.9,19.9,19.3,19.75,19.7,19.62,3843528,7542233559999.999,8290.0,2407630,0.6264000000000001
2015-03-23,NHPC,EQ,19.7,19.7,19.8,19.55,19.6,19.6,19.61,1718881,3370144110000.0,5243.0,946540,0.5507
2015-03-24,NHPC,EQ,19.6,19.55,19.7,19.25,19.5,19.35,19.5,2740854,5343987300000.0,5965.0,1218038,0.44439999999999996
2015-03-25,NHPC,EQ,19.35,19.35,19.6,19.05,19.45,19.5,19.41,4568088,8866636440000.0,5317.0,2990767,0.6547
2015-03-26,NHPC,EQ,19.5,19.3,19.9,19.2,19.4,19.5,19.5,18825422,36704224680000.0,10527.0,9649098,0.5126
2015-03-27,NHPC,EQ,19.5,19.45,19.8,19.35,19.8,19.75,19.57,3670089,7183199350000.0,13131.0,2467746,0.6724
2015-03-30,NHPC,EQ,19.75,19.65,19.95,19.5,19.9,19.85,19.71,2339084,4610948980000.0,7333.0,1507159,0.6443000000000001
2015-03-31,NHPC,EQ,19.85,19.95,20.05,19.6,20.0,19.8,19.77,1629156,3221605315000.0,6527.0,1076510,0.6607999999999999
2015-04-01,NHPC,EQ,19.8,19.8,20.2,19.8,20.05,20.05,19.98,1973742,3943229920000.0005,10307.0,679767,0.3444
2015-04-06,NHPC,EQ,20.05,19.95,20.15,19.75,20.15,20.05,19.95,1462713,2917844115000.0,7704.0,732018,0.5005
2015-04-07,NHPC,EQ,20.05,20.1,20.1,19.9,20.1,20.05,20.0,1168143,2335993625000.0,8344.0,730207,0.6251
2015-04-08,NHPC,EQ,20.05,20.0,20.55,19.65,20.35,20.3,20.19,5170716,10442032230000.0,13597.0,3155994,0.6104
2015-04-09,NHPC,EQ,20.3,20.45,20.45,20.2,20.4,20.3,20.31,1395342,2833427605000.0,9334.0,812442,0.5822999999999999
2015-04-10,NHPC,EQ,20.3,20.35,20.75,20.15,20.6,20.65,20.45,2411591,4930526850000.0,9455.0,1552479,0.6437999999999999
2015-04-13,NHPC,EQ,20.65,20.55,21.15,20.55,21.0,20.95,20.96,2532784,5308529690000.0,11233.0,1412595,0.5577000000000001
2015-04-15,NHPC,EQ,20.95,21.0,21.2,20.6,20.7,20.75,20.92,2344088,4904353165000.0,12870.0,979270,0.4178
2015-04-16,NHPC,EQ,20.75,20.8,20.9,20.5,20.75,20.7,20.65,1940678,4006813095000.0005,10995.0,784548,0.4043
2015-04-17,NHPC,EQ,20.7,20.65,20.8,20.55,20.55,20.6,20.67,1924884,3978612510000.0,13998.0,740553,0.3847
2015-04-20,NHPC,EQ,20.6,20.75,20.75,20.2,20.25,20.25,20.43,2068894,4226242810000.0,8063.0,1153494,0.5575
2015-04-21,NHPC,EQ,20.25,20.25,20.4,20.15,20.25,20.25,20.27,1698243,3442437820000.0005,10043.0,592202,0.34869999999999995
2015-04-22,NHPC,EQ,20.25,20.25,20.35,20.0,20.25,20.25,20.23,1592412,3221743200000.0,8524.0,709255,0.4454
2015-04-23,NHPC,EQ,20.25,20.25,20.4,20.1,20.15,20.15,20.24,1137838,2302755275000.0,7902.0,527561,0.4637
2015-04-24,NHPC,EQ,20.15,20.1,20.2,19.95,20.1,20.05,20.1,2477922,4981807800000.0,13057.0,1139144,0.4597
2015-04-27,NHPC,EQ,20.05,20.1,20.15,19.8,19.85,19.85,19.93,2664430,5311292660000.0,12274.0,989462,0.3714
2015-04-28,NHPC,EQ,19.85,19.75,19.9,19.5,19.8,19.75,19.69,1722354,3391857425000.0,6977.0,664254,0.3857
2015-04-29,NHPC,EQ,19.75,19.75,19.8,19.5,19.65,19.65,19.64,2213742,4347297525000.0,7652.0,843074,0.38079999999999997
2015-04-30,NHPC,EQ,19.65,19.6,19.85,19.5,19.8,19.75,19.67,3061512,6023508865000.0,10906.0,1511539,0.49369999999999997
2015-05-04,NHPC,EQ,19.75,19.65,20.1,19.65,20.05,20.0,19.96,1506693,3006818050000.0,10587.0,772551,0.5127
2015-05-05,NHPC,EQ,20.0,20.0,20.1,19.65,20.05,19.9,19.92,1790595,3566780020000.0005,10588.0,981743,0.5483
2015-05-06,NHPC,EQ,19.9,19.9,19.95,19.35,19.45,19.5,19.62,2006264,3935973085000.0,9630.0,953775,0.4754
2015-05-07,NHPC,EQ,19.5,19.4,19.5,19.1,19.25,19.2,19.28,1288319,2484488065000.0,20152.0,675468,0.5243
2015-05-08,NHPC,EQ,19.2,19.3,19.5,19.2,19.3,19.3,19.32,1589474,3071616510000.0,9629.0,933861,0.5875
2015-05-11,NHPC,EQ,19.3,19.4,19.5,19.25,19.3,19.3,19.37,1403644,2719271295000.0,15540.0,867716,0.6182
2015-05-12,NHPC,EQ,19.3,19.2,19.25,18.75,18.95,18.9,19.0,1896419,3602646650000.0,15774.0,1133129,0.5975
2015-05-13,NHPC,EQ,18.9,18.9,19.2,18.9,19.0,19.0,19.04,1320538,2514434345000.0,21195.0,543897,0.4119
2015-05-14,NHPC,EQ,19.0,18.95,19.2,18.95,19.0,19.0,19.03,1795929,3417361429999.9995,13415.0,1113155,0.6198
2015-05-15,NHPC,EQ,19.0,19.0,19.15,18.95,18.95,19.0,19.01,1627604,3093676015000.0,3677.0,1066235,0.6551
2015-05-18,NHPC,EQ,19.0,19.0,19.2,18.95,19.1,19.0,19.01,3793043,7211574365000.001,5395.0,2561030,0.6752
2015-05-19,NHPC,EQ,19.0,19.0,19.15,18.9,19.1,19.05,19.04,2703899,5148847185000.0,7862.0,1434147,0.5304
2015-05-20,NHPC,EQ,19.05,19.05,19.45,19.0,19.25,19.2,19.21,2379241,4569907290000.0,9927.0,714162,0.3002
2015-05-21,NHPC,EQ,19.2,19.25,19.4,19.05,19.4,19.35,19.25,2223926,4281410285000.0,7358.0,1024176,0.46049999999999996
2015-05-22,NHPC,EQ,19.35,19.4,19.5,19.3,19.35,19.45,19.42,1639744,3183820960000.0,8467.0,706622,0.43090000000000006
2015-05-25,NHPC,EQ,19.45,19.35,19.4,19.15,19.2,19.2,19.28,1037090,1999486364999.9998,8487.0,535345,0.5162
2015-05-26,NHPC,EQ,19.2,19.15,19.4,19.05,19.35,19.25,19.17,1450085,2779101445000.0,11720.0,542831,0.3743
2015-05-27,NHPC,EQ,19.25,19.2,19.55,19.15,19.5,19.5,19.34,2081374,4024714825000.0,15501.0,1033438,0.4965
2015-05-28,NHPC,EQ,19.5,19.55,20.55,19.4,20.2,20.2,20.15,11072157,22315741140000.0,21049.0,4621054,0.41740000000000005
2015-05-29,NHPC,EQ,20.2,20.15,20.45,20.0,20.2,20.15,20.23,2584271,5227936090000.0,16591.0,1174319,0.45439999999999997
2015-06-01,NHPC,EQ,20.15,21.0,21.1,19.8,20.05,20.0,20.32,7313096,14856880115000.0,15742.0,2422186,0.3312
2015-06-02,NHPC,EQ,20.0,20.0,20.15,19.65,19.7,19.7,19.88,2346542,4664197115000.0,16626.0,983881,0.4193
2015-06-03,NHPC,EQ,19.7,19.6,19.7,18.65,19.15,19.1,19.18,2912107,5584776135000.0,20892.0,1524067,0.5234000000000001
2015-06-04,NHPC,EQ,19.1,19.0,19.15,18.8,18.95,18.95,18.96,2085881,3955500465000.0,30472.0,872462,0.4183
2015-06-05,NHPC,EQ,18.95,19.0,19.35,18.9,19.1,19.15,19.12,1754991,3356301685000.0,23626.0,839736,0.47850000000000004
2015-06-08,NHPC,EQ,19.15,19.15,19.2,18.75,18.9,18.85,18.94,1623893,3075272885000.0,15026.0,985026,0.6066
2015-06-09,NHPC,EQ,18.85,18.8,19.2,18.8,19.2,19.1,18.98,1060759,2012996980000.0,19850.0,498554,0.47000000000000003
2015-06-10,NHPC,EQ,19.1,19.1,19.25,19.05,19.05,19.1,19.15,915269,1752487670000.0,18028.0,429985,0.4698
2015-06-11,NHPC,EQ,19.1,19.1,19.15,18.85,18.85,18.85,18.96,1149652,2179520735000.0002,21538.0,655204,0.5699000000000001
2015-06-12,NHPC,EQ,18.85,18.85,19.15,18.8,19.05,19.0,18.88,1184772,2237415950000.0,17366.0,607463,0.5127
2015-06-15,NHPC,EQ,19.0,19.0,19.1,18.9,18.9,18.9,18.95,753852,1428773355000.0,9723.0,453282,0.6013000000000001
2015-06-16,NHPC,EQ,18.9,18.9,19.1,18.85,19.0,19.0,18.94,973559,1843882075000.0,12664.0,537043,0.5516
2015-06-17,NHPC,EQ,19.0,19.05,19.2,19.0,19.15,19.1,19.09,1198826,2288819525000.0,14231.0,459461,0.3833
2015-06-18,NHPC,EQ,19.1,19.1,19.2,19.05,19.15,19.15,19.15,1287634,2465769755000.0,15130.0,680542,0.5285
2015-06-19,NHPC,EQ,19.15,19.1,20.0,19.1,19.85,19.75,19.58,3467119,6790310575000.0,22169.0,2236918,0.6452
2015-06-22,NHPC,EQ,19.75,19.75,19.9,19.5,19.6,19.6,19.65,1547621,3041004725000.0,11762.0,696776,0.45020000000000004
2015-06-23,NHPC,EQ,19.6,19.55,19.9,19.5,19.65,19.65,19.67,1941744,3819536304999.9995,11920.0,607229,0.3127
2015-06-24,NHPC,EQ,19.65,19.65,20.0,19.65,19.75,19.75,19.83,1951213,3869792900000.0,11807.0,678507,0.34770000000000006
2015-06-25,NHPC,EQ,19.75,19.75,20.25,19.7,19.95,20.05,19.96,5946108,11866001045000.0,13302.0,2680794,0.4508
2015-06-26,NHPC,EQ,20.05,20.1,20.1,19.65,19.85,19.85,19.83,2468407,4895222560000.0,16135.0,689671,0.27940000000000004
2015-06-29,NHPC,EQ,19.85,19.65,19.7,19.3,19.6,19.6,19.48,2328476,4537029750000.0,15951.0,1261721,0.5418999999999999
2015-06-30,NHPC,EQ,19.6,19.4,19.65,19.35,19.55,19.6,19.52,1122268,2190302980000.0,14861.0,482803,0.4302
2015-07-01,NHPC,EQ,19.6,19.6,19.75,19.5,19.65,19.65,19.64,1603718,3149288550000.0,20999.0,1011959,0.631
2015-07-02,NHPC,EQ,19.65,19.6,19.7,19.45,19.55,19.55,19.58,991240,1940732445000.0,17662.0,511293,0.5158
2015-07-03,NHPC,EQ,19.55,19.5,19.65,19.45,19.55,19.6,19.57,1434421,2806523340000.0,15705.0,730272,0.5091
2015-07-06,NHPC,EQ,19.6,19.3,19.45,19.15,19.45,19.4,19.32,1435805,2773982120000.0,10181.0,647053,0.4507
2015-07-07,NHPC,EQ,19.4,19.4,19.6,19.25,19.45,19.4,19.4,1584484,3073623545000.0,11485.0,771905,0.4872
2015-07-08,NHPC,EQ,19.4,19.25,19.9,19.25,19.65,19.6,19.62,3947844,7744180159999.999,15633.0,2140392,0.5422
2015-07-09,NHPC,EQ,19.6,19.55,19.65,19.35,19.4,19.4,19.47,1137383,2214543275000.0,15776.0,514585,0.4524
2015-07-10,NHPC,EQ,19.4,19.45,19.5,18.9,18.95,18.95,19.1,6993820,13359445450000.0,26576.0,3532036,0.505
2015-07-13,NHPC,EQ,18.95,18.95,19.1,18.95,19.1,19.05,19.02,2807041,5340018350000.0,17606.0,1328538,0.4733
2015-07-14,NHPC,EQ,19.05,19.1,19.15,18.85,18.9,18.95,19.01,2412103,4584217135000.0,18046.0,1245312,0.5163
2015-07-15,NHPC,EQ,18.95,19.0,19.2,18.95,19.0,19.05,19.12,1996097,3817061865000.0,19599.0,905627,0.4537
2015-07-16,NHPC,EQ,19.05,19.1,19.2,19.0,19.1,19.05,19.1,2039424,3895972215000.0,17578.0,1036199,0.5081
2015-07-17,NHPC,EQ,19.05,19.1,19.2,19.05,19.1,19.1,19.12,2102578,4019780560000.0,14930.0,1220638,0.5805
2015-07-20,NHPC,EQ,19.1,19.1,19.1,19.0,19.0,19.05,19.06,1752733,3341349555000.0,14096.0,530424,0.30260000000000004
2015-07-21,NHPC,EQ,19.05,19.05,19.6,19.05,19.15,19.2,19.36,2710164,5247550250000.0,12525.0,914186,0.3373
2015-07-22,NHPC,EQ,19.2,19.15,19.4,18.95,19.0,19.05,19.12,3848511,7358828109999.999,14901.0,2536934,0.6592
2015-07-23,NHPC,EQ,19.05,19.0,19.1,18.9,19.0,18.95,19.0,2637403,5009919240000.0,15347.0,1498378,0.5681
2015-07-24,NHPC,EQ,18.95,19.0,19.1,18.85,18.95,18.9,19.0,1469434,2791634055000.0,16391.0,563671,0.3836
2015-07-27,NHPC,EQ,18.9,18.85,19.0,18.65,18.75,18.7,18.8,2350782,4420181085000.0,13870.0,1124220,0.4782
2015-07-28,NHPC,EQ,18.7,18.75,19.0,18.65,18.75,18.75,18.81,2799361,5264407380000.0,19067.0,1130507,0.40380000000000005
2015-07-29,NHPC,EQ,18.75,18.8,19.1,18.8,18.9,18.9,18.93,2586553,4897441855000.0,19894.0,948060,0.3665
2015-07-30,NHPC,EQ,18.9,19.0,19.25,18.5,18.75,18.65,18.76,10139271,19024123250000.0,19972.0,4435757,0.4375
2015-07-31,NHPC,EQ,18.65,18.65,19.0,18.65,18.95,18.9,18.84,3124096,5886038230000.0,15724.0,1438918,0.4606
2015-08-03,NHPC,EQ,18.9,18.9,19.1,18.9,19.0,19.0,19.0,2217303,4213296625000.0,13160.0,1013253,0.457
2015-08-04,NHPC,EQ,19.0,19.0,19.2,18.95,19.1,19.05,19.09,3660419,6987633990000.001,21013.0,1617915,0.44200000000000006
2015-08-05,NHPC,EQ,19.05,19.2,19.45,18.95,19.15,19.05,19.14,4852698,9288796575000.0,17367.0,1879644,0.3873
2015-08-06,NHPC,EQ,19.05,19.15,19.45,18.85,18.95,18.95,19.09,8710863,16631255475000.0,23142.0,4185301,0.4805
2015-08-07,NHPC,EQ,18.95,18.95,19.05,18.75,18.85,18.85,18.89,2777318,5246175325000.0,15884.0,1015685,0.3657
2015-08-10,NHPC,EQ,18.85,18.85,19.0,18.7,18.75,18.75,18.85,2547217,4801460975000.0,10335.0,1223176,0.4802
2015-08-11,NHPC,EQ,18.75,18.75,18.8,18.4,18.55,18.5,18.6,2745004,5105008010000.0,15171.0,1222795,0.4455
2015-08-12,NHPC,EQ,18.5,18.45,18.6,18.25,18.3,18.3,18.44,2638115,4865677995000.0,11669.0,1252828,0.47490000000000004
2015-08-13,NHPC,EQ,18.3,18.3,18.4,17.95,18.1,18.0,18.14,3929081,7126912775000.0,20276.0,1596526,0.40630000000000005
2015-08-14,NHPC,EQ,18.0,18.05,18.3,18.0,18.1,18.1,18.12,3235060,5860651950000.0,16402.0,1612725,0.4985
2015-08-17,NHPC,EQ,18.1,18.15,18.3,18.0,18.3,18.25,18.2,2081757,3788447240000.0,9878.0,925343,0.44450000000000006
2015-08-18,NHPC,EQ,18.25,18.3,18.5,18.2,18.3,18.35,18.39,2598770,4779326015000.0,6756.0,1196781,0.46049999999999996
2015-08-19,NHPC,EQ,18.35,18.35,18.35,18.15,18.15,18.2,18.26,1486558,2714493850000.0,9476.0,521022,0.3505
2015-08-20,NHPC,EQ,18.2,18.2,18.25,17.85,17.85,17.95,18.07,3312690,5984802050000.0,18561.0,1575643,0.4756
2015-08-21,NHPC,EQ,17.95,17.8,17.85,17.6,17.8,17.75,17.71,4096864,7257234895000.0,17314.0,2239815,0.5467000000000001
2015-08-24,NHPC,EQ,17.75,17.5,17.55,16.0,16.1,16.05,16.42,9849323,16169530919999.998,21242.0,5702994,0.579
2015-08-25,NHPC,EQ,16.05,16.2,16.6,15.55,16.55,16.35,16.12,6327366,10197936495000.0,25061.0,2657109,0.41990000000000005
2015-08-26,NHPC,EQ,16.35,16.7,17.0,16.15,16.4,16.45,16.57,3961396,6562061000000.0,20048.0,1723520,0.4351
2015-08-27,NHPC,EQ,16.45,16.7,17.25,16.55,16.6,16.8,16.78,17688976,29678117389999.996,22868.0,9424498,0.5328
2015-08-28,NHPC,EQ,16.8,16.85,17.2,16.65,16.85,16.9,16.94,2617189,4434025980000.0,13579.0,845711,0.32310000000000005
2015-08-31,NHPC,EQ,16.9,16.85,17.0,16.3,16.4,16.45,16.57,4593593,7612974920000.0,15572.0,2122668,0.4621
2015-09-01,NHPC,EQ,16.45,16.35,16.5,16.0,16.1,16.05,16.2,3142007,5089108005000.0,21688.0,1512778,0.4815
2015-09-02,NHPC,EQ,16.05,16.1,16.4,15.95,16.05,16.05,16.16,3567780,5765196595000.0,23447.0,1541916,0.4322
2015-09-03,NHPC,EQ,16.05,16.05,16.6,16.05,16.5,16.45,16.32,2712094,4425540725000.0,16742.0,818246,0.3017
2015-09-04,NHPC,EQ,16.45,16.5,16.5,15.9,16.15,16.15,16.09,4780836,7692708605000.0,19054.0,2287395,0.47850000000000004
2015-09-07,NHPC,EQ,16.15,16.15,16.25,15.9,16.05,16.0,16.02,2877187,4609002210000.0,16325.0,1233976,0.4289
2015-09-08,NHPC,EQ,16.0,16.1,16.4,16.0,16.2,16.2,16.22,5190358,8418455645000.0,20993.0,3044225,0.5865
2015-09-09,NHPC,EQ,16.2,16.35,16.8,16.3,16.75,16.7,16.54,2549281,4216868850000.0,15531.0,1025919,0.40240000000000004
2015-09-10,NHPC,EQ,16.7,16.3,16.3,15.9,16.2,16.1,16.08,5320719,8557965359999.999,17627.0,2739106,0.5147999999999999
2015-09-11,NHPC,EQ,16.1,16.15,16.3,16.0,16.1,16.1,16.14,3163809,5105674605000.0,16376.0,1747117,0.5522
2015-09-14,NHPC,EQ,16.1,16.1,16.25,16.0,16.1,16.1,16.11,3412316,5497202705000.0,13507.0,2167481,0.6352000000000001
2015-09-15,NHPC,EQ,16.1,16.1,16.3,16.05,16.2,16.2,16.19,4971002,8046845905000.0,22341.0,2586173,0.5203
2015-09-16,NHPC,EQ,16.2,16.3,16.3,16.05,16.15,16.15,16.14,3058303,4936873835000.0,18612.0,1587654,0.5191
2015-09-18,NHPC,EQ,16.15,16.2,16.85,16.2,16.75,16.65,16.54,9057219,14977776675000.0,23627.0,4853727,0.5359
2015-09-21,NHPC,EQ,16.65,16.65,16.9,16.45,16.75,16.75,16.72,2836144,4740959385000.0,9186.0,1149182,0.40520000000000006
2015-09-22,NHPC,EQ,16.75,16.8,16.9,16.55,16.65,16.65,16.71,2782997,4649756515000.0,13019.0,1265342,0.4547
2015-09-23,NHPC,EQ,16.65,16.6,16.8,16.35,16.5,16.45,16.59,2804700,4652921835000.0,12828.0,991661,0.3536
2015-09-24,NHPC,EQ,16.45,16.45,16.85,16.3,16.4,16.5,16.53,11289198,18666228445000.0,15951.0,5402611,0.4786
2015-09-28,NHPC,EQ,16.5,16.5,16.5,16.25,16.35,16.35,16.38,2862748,4688307615000.0,10102.0,1341777,0.4687
2015-09-29,NHPC,EQ,16.35,16.25,16.6,16.15,16.55,16.55,16.43,2255923,3706291845000.0005,4651.0,1197565,0.5309
2015-09-30,NHPC,EQ,16.55,16.65,16.7,16.5,16.55,16.55,16.59,1630571,2704304495000.0,6299.0,730338,0.4479
2015-10-01,NHPC,EQ,16.55,16.65,16.85,16.6,16.8,16.7,16.71,1884139,3149225345000.0,7034.0,799153,0.4241
2015-10-05,NHPC,EQ,16.7,16.8,17.1,16.8,17.0,16.95,16.95,2245036,3804533010000.0,15036.0,779252,0.3471
2015-10-06,NHPC,EQ,16.95,17.1,17.35,16.95,17.3,17.25,17.14,3480407,5964320560000.0,20068.0,1236199,0.3552
2015-10-07,NHPC,EQ,17.25,17.3,17.3,17.1,17.25,17.2,17.2,2326848,4001721279999.9995,18860.0,936479,0.4025
2015-10-08,NHPC,EQ,17.2,17.2,17.3,17.05,17.15,17.15,17.15,2215083,3799316095000.0005,17724.0,730733,0.3299
2015-10-09,NHPC,EQ,17.15,17.2,17.3,17.0,17.15,17.1,17.14,1453372,2491552895000.0,15903.0,549304,0.378
2015-10-12,NHPC,EQ,17.1,17.15,17.6,17.05,17.55,17.5,17.38,3089923,5369386975000.0,7364.0,1282622,0.41509999999999997
2015-10-13,NHPC,EQ,17.5,17.55,17.6,17.3,17.35,17.4,17.45,1162682,2028638885000.0002,3170.0,439536,0.378
2015-10-14,NHPC,EQ,17.4,17.4,17.65,17.3,17.35,17.35,17.46,1434737,2505085845000.0,3107.0,717501,0.5001
2015-10-15,NHPC,EQ,17.35,17.45,17.6,17.25,17.3,17.3,17.38,2034907,3536538745000.0005,6431.0,651404,0.3201
2015-10-16,NHPC,EQ,17.3,17.3,17.55,17.25,17.45,17.45,17.38,2381222,4139022629999.9995,8948.0,984545,0.41350000000000003
2015-10-19,NHPC,EQ,17.45,17.45,17.75,17.4,17.7,17.6,17.57,2590920,4552013495000.0,6437.0,1044508,0.4031
2015-10-20,NHPC,EQ,17.6,17.6,18.25,17.6,18.0,18.05,18.02,4056555,7311470670000.0,7470.0,1469697,0.36229999999999996
2015-10-21,NHPC,EQ,18.05,18.05,18.45,17.9,18.1,18.1,18.14,3407923,6182941920000.0,7201.0,1258467,0.3693
2015-10-23,NHPC,EQ,18.1,18.2,18.4,18.1,18.3,18.25,18.26,3638008,6641887630000.0,5938.0,1148403,0.31570000000000004
2015-10-26,NHPC,EQ,18.25,18.25,18.35,17.95,18.0,18.0,18.16,2532365,4598187910000.0,6242.0,693101,0.2737
2015-10-27,NHPC,EQ,18.0,18.0,18.15,17.9,18.1,18.05,18.01,2806580,5055743395000.0,3708.0,722978,0.2576
2015-10-28,NHPC,EQ,18.05,18.05,18.1,17.85,17.95,17.95,17.98,2184265,3927454245000.0005,2140.0,872266,0.3993
2015-10-29,NHPC,EQ,17.95,17.9,18.2,17.8,18.15,18.1,18.03,4465692,8050625195000.0,4885.0,2114176,0.47340000000000004
2015-10-30,NHPC,EQ,18.1,18.05,18.5,18.05,18.2,18.15,18.27,2933517,5360201575000.0,3816.0,1242228,0.42350000000000004
2015-11-02,NHPC,EQ,18.15,18.15,18.2,17.85,17.95,17.9,18.02,2668032,4808416370000.0,2471.0,751150,0.2815
2015-11-03,NHPC,EQ,17.9,17.95,18.1,17.9,17.95,17.95,17.99,1623124,2919848070000.0,2497.0,465550,0.2868
2015-11-04,NHPC,EQ,17.95,18.0,18.1,17.9,17.95,17.95,17.99,1794600,3228872925000.0,2709.0,714255,0.39799999999999996
2015-11-05,NHPC,EQ,17.95,18.0,18.05,17.75,17.8,17.85,17.9,1727110,3092195530000.0,1591.0,796962,0.46140000000000003
2015-11-06,NHPC,EQ,17.85,17.85,17.95,17.15,17.55,17.6,17.59,3591055,6314949895000.0,5403.0,775610,0.21600000000000003
2015-11-09,NHPC,EQ,17.6,17.25,17.9,17.2,17.8,17.8,17.62,1495236,2635135040000.0,2580.0,539067,0.3605
2015-11-10,NHPC,EQ,17.8,18.35,18.75,18.15,18.2,18.25,18.39,9433166,17347296310000.0,10337.0,3271006,0.3468
2015-11-11,NHPC,EQ,18.25,18.35,18.35,18.05,18.3,18.3,18.19,1054808,1919026400000.0,2007.0,443182,0.4202
2015-11-13,NHPC,EQ,18.3,18.15,18.35,18.15,18.3,18.3,18.26,2466020,4503551275000.0,3075.0,1412835,0.5729
2015-11-16,NHPC,EQ,18.3,18.3,18.6,18.2,18.6,18.55,18.44,2952336,5442973085000.0,3697.0,1837916,0.6225
2015-11-17,NHPC,EQ,18.55,18.6,18.7,18.4,18.5,18.45,18.51,3463519,6411102950000.0,3183.0,2006572,0.5793
2015-11-18,NHPC,EQ,18.45,18.45,18.9,18.45,18.65,18.6,18.69,4985426,9315782660000.0,4741.0,1751412,0.35130000000000006
2015-11-19,NHPC,EQ,18.6,18.7,19.1,18.55,18.85,18.95,18.87,4521951,8531847975000.0,4051.0,1399011,0.3094
2015-11-20,NHPC,EQ,18.95,18.9,19.15,18.8,19.05,19.05,19.01,2874491,5465323905000.0,6367.0,1350281,0.4697
2015-11-23,NHPC,EQ,19.05,19.05,19.15,18.9,19.1,19.05,19.01,2709835,5152454635000.0,4659.0,932273,0.344
2015-11-24,NHPC,EQ,19.05,19.0,19.15,18.9,18.95,18.95,19.01,2958527,5624318460000.0,6796.0,1033181,0.3492
2015-11-26,NHPC,EQ,18.95,19.0,19.2,18.75,18.9,18.85,18.92,8861021,16761486150000.0,7135.0,4202730,0.4743
2015-11-27,NHPC,EQ,18.85,18.85,19.0,18.65,18.9,18.85,18.84,3438343,6479404245000.0,6455.0,2081864,0.6055
2015-11-30,NHPC,EQ,18.85,18.85,19.35,18.85,19.3,19.15,19.03,3995711,7602766275000.0,6905.0,2404011,0.6016
2015-12-01,NHPC,EQ,19.15,19.35,20.05,19.2,20.0,19.95,19.62,4918479,9652076605000.0,7299.0,2359707,0.4798
2015-12-02,NHPC,EQ,19.95,20.2,20.35,19.75,20.25,20.2,20.08,5124140,10288168785000.0,6223.0,2046171,0.3993
2015-12-03,NHPC,EQ,20.2,20.25,20.4,19.75,19.85,19.9,20.14,3712334,7475213190000.001,5110.0,1615298,0.4351
2015-12-04,NHPC,EQ,19.9,19.8,19.95,19.35,19.45,19.4,19.66,2628697,5168108300000.0,4075.0,953425,0.3627
2015-12-07,NHPC,EQ,19.4,19.5,19.8,19.45,19.6,19.65,19.65,1412636,2775384405000.0,6148.0,356170,0.2521
2015-12-08,NHPC,EQ,19.65,19.65,19.65,18.95,18.95,19.0,19.22,2142466,4117838145000.0005,3386.0,911810,0.42560000000000003
2015-12-09,NHPC,EQ,19.0,18.8,19.0,18.6,18.65,18.7,18.78,1955709,3672691100000.0,3649.0,853969,0.43670000000000003
2015-12-10,NHPC,EQ,18.7,18.75,19.4,18.7,19.35,19.3,19.11,3283426,6275188050000.0,7571.0,1358738,0.41380000000000006
2015-12-11,NHPC,EQ,19.3,19.25,19.45,18.85,19.0,18.95,19.13,3046220,5827872300000.0,5307.0,1093924,0.3591
2015-12-14,NHPC,EQ,18.95,18.9,19.0,18.7,18.75,18.75,18.87,2084980,3933358370000.0005,8007.0,1022068,0.4902
2015-12-15,NHPC,EQ,18.75,18.7,19.0,18.6,18.75,18.85,18.83,1098628,2069240080000.0,2814.0,330697,0.30100000000000005
2015-12-16,NHPC,EQ,18.85,18.85,19.3,18.85,19.15,19.15,19.14,2246587,4300347885000.0,7047.0,1156284,0.5147
2015-12-17,NHPC,EQ,19.15,19.2,19.7,18.95,19.65,19.6,19.29,3349864,6461272685000.0,7050.0,1534057,0.4579
2015-12-18,NHPC,EQ,19.6,19.6,20.05,19.5,19.8,19.75,19.84,4583316,9093663425000.0,5321.0,2511388,0.5479
2015-12-21,NHPC,EQ,19.75,19.8,20.55,19.75,20.45,20.45,20.27,4250901,8615667125000.0,5685.0,1646726,0.3874
2015-12-22,NHPC,EQ,20.45,20.45,20.55,20.05,20.15,20.1,20.32,4116896,8366183615000.001,4754.0,2122803,0.5156000000000001
2015-12-23,NHPC,EQ,20.1,20.15,20.4,20.0,20.05,20.05,20.22,2317271,4686195225000.0,6397.0,1104019,0.4764
2015-12-24,NHPC,EQ,20.05,20.15,20.2,19.95,20.05,20.05,20.07,1556180,3123847955000.0,1632.0,601416,0.3865
2015-12-28,NHPC,EQ,20.05,19.95,20.15,19.95,20.1,20.1,20.1,1407230,2828313025000.0,1384.0,712910,0.5065999999999999
2015-12-29,NHPC,EQ,20.1,20.1,20.25,20.05,20.25,20.15,20.13,2570972,5175681845000.0,3257.0,1277057,0.49670000000000003
2015-12-30,NHPC,EQ,20.15,20.15,20.25,19.95,20.05,20.05,20.08,2122128,4262183225000.0,1562.0,1066715,0.5027
2015-12-31,NHPC,EQ,20.05,20.0,21.35,19.9,21.0,21.05,20.91,17067957,35683744280000.0,15657.0,7647303,0.44810000000000005
2016-01-01,NHPC,EQ,21.05,21.1,21.5,20.75,21.25,21.2,21.2,5131081,10875945135000.0,6330.0,1467399,0.28600000000000003
2016-01-04,NHPC,EQ,21.2,21.2,21.95,20.95,21.5,21.5,21.51,7333586,15773691165000.0,10549.0,2718267,0.37070000000000003
2016-01-05,NHPC,EQ,21.5,21.55,22.4,21.5,22.05,22.0,22.0,7926268,17437639094999.998,11016.0,2454165,0.30960000000000004
2016-01-06,NHPC,EQ,22.0,22.1,22.35,21.7,21.75,21.85,22.04,4038633,8900594030000.0,5903.0,1389465,0.344
2016-01-07,NHPC,EQ,21.85,21.65,21.7,20.5,20.75,20.6,20.98,5604936,11758131265000.0,7899.0,2604877,0.4647
2016-01-08,NHPC,EQ,20.6,20.8,21.25,20.6,21.05,21.1,20.93,2744086,5743501450000.0,4435.0,915207,0.3335
2016-01-11,NHPC,EQ,21.1,20.95,21.1,20.7,20.75,20.75,20.88,2541740,5306630290000.0,4864.0,1021273,0.4018
2016-01-12,NHPC,EQ,20.75,20.75,21.1,20.55,20.6,20.6,20.73,2489719,5161511150000.0,6244.0,1073331,0.4311
2016-01-13,NHPC,EQ,20.6,20.7,20.9,19.7,20.05,20.1,20.25,5151144,10431412245000.0,8261.0,1572015,0.3052
2016-01-14,NHPC,EQ,20.1,19.9,20.7,19.6,20.1,20.15,20.14,4493660,9050943195000.0,6554.0,1299677,0.2892
2016-01-15,NHPC,EQ,20.15,20.15,20.45,19.35,19.6,19.5,19.89,3394333,6752494030000.0,4233.0,1170901,0.34500000000000003
2016-01-18,NHPC,EQ,19.5,19.6,20.1,18.8,19.15,19.15,19.33,4689302,9066590585000.0,10846.0,1667829,0.3557
2016-01-19,NHPC,EQ,19.15,19.25,19.6,19.1,19.35,19.35,19.36,2081057,4028283210000.0,3346.0,889241,0.42729999999999996
2016-01-20,NHPC,EQ,19.35,19.3,19.3,18.65,18.75,18.8,18.88,3043715,5745101925000.0,4729.0,1654661,0.5436
2016-01-21,NHPC,EQ,18.8,18.8,19.4,18.8,19.05,19.05,19.05,4285412,8163324370000.0,4484.0,1970565,0.4598
2016-01-22,NHPC,EQ,19.05,19.05,19.65,19.05,19.6,19.55,19.44,2462001,4785664865000.0,3832.0,891156,0.36200000000000004
2016-01-25,NHPC,EQ,19.55,19.55,19.9,19.4,19.45,19.45,19.57,1611542,3154185040000.0,3219.0,578338,0.3589
2016-01-27,NHPC,EQ,19.45,19.7,20.05,19.2,19.9,19.95,19.79,3759733,7439270220000.0,6184.0,2338295,0.6219
2016-01-28,NHPC,EQ,19.95,20.0,20.8,19.8,20.5,20.1,20.16,18781144,37864407375000.0,15194.0,13487260,0.7181000000000001
2016-01-29,NHPC,EQ,20.1,20.25,21.0,20.25,21.0,20.95,20.76,3368446,6991549480000.0,6265.0,1513396,0.44930000000000003
2016-02-01,NHPC,EQ,20.95,21.1,21.45,20.75,20.85,20.85,21.17,3754002,7946046595000.0,7206.0,1493249,0.39780000000000004
2016-02-02,NHPC,EQ,20.85,21.0,21.2,20.45,20.6,20.6,20.87,3239084,6761265180000.0,4622.0,1262751,0.3898
2016-02-03,NHPC,EQ,20.6,20.4,20.6,19.8,19.85,20.0,20.18,3309724,6679945370000.0,4714.0,1155052,0.349
2016-02-04,NHPC,EQ,20.0,20.15,20.35,19.85,19.9,20.0,20.02,2429503,4864138390000.0,4643.0,471380,0.19399999999999998
2016-02-05,NHPC,EQ,20.0,20.0,20.55,19.85,20.5,20.45,20.25,1917954,3882983760000.0,6496.0,804071,0.4192
2016-02-08,NHPC,EQ,20.45,20.45,21.05,20.4,20.65,20.6,20.79,2713944,5642498390000.0,5383.0,1510347,0.5565
2016-02-09,NHPC,EQ,20.6,20.3,20.75,20.25,20.6,20.65,20.62,1630215,3362098760000.0,4263.0,849139,0.5209
2016-02-10,NHPC,EQ,20.65,20.6,21.95,20.4,21.25,21.25,21.28,20705179,44059369165000.0,13943.0,8305496,0.4011
2016-02-11,NHPC,EQ,21.25,21.2,21.35,19.55,19.85,19.9,20.35,6663746,13559090130000.002,11325.0,2951539,0.4429
2016-02-12,NHPC,EQ,19.9,19.85,20.0,19.4,19.95,19.9,19.72,5908943,11649660400000.0,7853.0,3007103,0.5089
2016-02-15,NHPC,EQ,19.9,20.05,20.75,20.05,20.45,20.45,20.5,3724928,7636954520000.0,8018.0,1624625,0.4361
2016-02-16,NHPC,EQ,20.45,20.7,20.7,20.05,20.1,20.15,20.41,3195422,6520421910000.0,7145.0,1333390,0.4173
2016-02-17,NHPC,EQ,20.15,20.15,20.15,19.35,20.05,20.05,19.86,5641292,11205470195000.0,8962.0,2406449,0.4266
2016-02-18,NHPC,EQ,20.05,19.45,20.35,19.35,19.95,19.9,19.87,9011262,17904737320000.0,15378.0,4795874,0.5322
2016-02-19,NHPC,EQ,19.9,19.95,20.35,19.8,20.1,20.05,20.08,3283796,6593540830000.0,6992.0,1316004,0.4008
2016-02-22,NHPC,EQ,20.05,20.1,20.6,20.1,20.45,20.45,20.34,3271954,6653853630000.0,7134.0,1062861,0.3248
2016-02-23,NHPC,EQ,20.45,20.45,20.75,20.3,20.5,20.45,20.5,3648475,7479916759999.999,11028.0,1942576,0.5324
2016-02-24,NHPC,EQ,20.45,20.4,20.75,20.0,20.2,20.15,20.32,4188686,8511821850000.0,6007.0,2372954,0.5665
2016-02-25,NHPC,EQ,20.15,20.2,20.35,19.15,19.35,19.45,19.72,9230753,18204928670000.0,5966.0,4080672,0.4421
2016-02-26,NHPC,EQ,19.45,19.55,20.0,19.2,19.9,19.7,19.64,6617288,12995530380000.0,10289.0,3117830,0.4712
2016-02-29,NHPC,EQ,19.7,19.9,20.4,19.8,20.1,20.1,20.13,4926836,9919048360000.0,8832.0,2354450,0.4779
2016-03-01,NHPC,EQ,20.1,20.2,20.7,20.15,20.5,20.45,20.44,6151858,12571884890000.0,14402.0,2970758,0.4829
2016-03-02,NHPC,EQ,20.45,20.65,21.0,20.65,20.85,20.8,20.86,3892766,8121639184999.999,7446.0,1948055,0.5004
2016-03-03,NHPC,EQ,20.8,21.25,21.25,20.9,21.1,21.05,21.03,2805484,5900986865000.0,6220.0,1354578,0.4828
2016-03-04,NHPC,EQ,21.05,20.95,21.25,20.8,21.0,20.95,21.07,5190704,10936223390000.0,8590.0,2670171,0.5144
2016-03-08,NHPC,EQ,20.95,20.95,21.25,20.7,20.85,20.9,20.99,4993983,10484602710000.0,5634.0,2730477,0.5468000000000001
2016-03-09,NHPC,EQ,20.9,20.6,21.65,20.6,21.55,21.45,21.17,4253189,9005356295000.0,9014.0,1893630,0.44520000000000004
2016-03-10,NHPC,EQ,21.45,21.45,21.7,21.1,21.15,21.25,21.37,3498186,7477068750000.0,5445.0,1375933,0.3933
2016-03-11,NHPC,EQ,21.25,21.45,21.45,20.8,21.0,21.0,21.1,2040545,4306025570000.0005,4070.0,1149804,0.5635
2016-03-14,NHPC,EQ,21.0,20.95,21.4,20.95,21.25,21.25,21.19,4204176,8907528150000.0,5109.0,2381928,0.5666
2016-03-15,NHPC,EQ,21.25,21.2,21.3,20.9,21.2,21.25,21.15,3179008,6724149784999.999,6391.0,1822962,0.5734
2016-03-16,NHPC,EQ,21.25,21.1,22.0,21.1,21.9,21.8,21.46,6711944,14406903535000.0,7591.0,3062118,0.4562
2016-03-17,NHPC,EQ,21.8,21.9,22.25,21.3,21.5,21.5,21.77,5308280,11557614160000.0,12484.0,2107735,0.3971
2016-03-18,NHPC,EQ,21.5,21.5,22.4,21.35,22.4,22.25,21.91,6928723,15182898665000.0,10172.0,3923115,0.5662
2016-03-21,NHPC,EQ,22.25,22.1,22.5,21.9,22.4,22.35,22.25,3921433,8726514230000.0,5951.0,1735148,0.4425
2016-03-22,NHPC,EQ,22.35,22.1,22.45,22.0,22.2,22.15,22.19,1804172,4003935979999.9995,3463.0,743405,0.41200000000000003
2016-03-23,NHPC,EQ,22.15,22.1,22.35,21.9,21.95,22.1,22.13,2549940,5644181340000.0,4453.0,1125817,0.4415
2016-03-28,NHPC,EQ,22.1,22.1,22.3,21.7,21.75,21.8,22.01,2485818,5471357835000.0,4667.0,1266844,0.5096
2016-03-29,NHPC,EQ,21.8,21.65,22.05,21.55,21.95,21.9,21.9,2740141,6001746530000.0,5327.0,1397438,0.51
2016-03-30,NHPC,EQ,21.9,22.0,23.0,22.0,22.8,22.9,22.56,4093905,9234282710000.0,8336.0,2282451,0.5575
2016-03-31,NHPC,EQ,22.9,22.9,24.45,22.65,23.85,24.15,23.87,22003907,52525656740000.0,25213.0,11090457,0.504
2016-04-01,NHPC,EQ,24.15,23.7,24.2,23.55,24.0,24.05,23.87,6143531,14665881240000.0,9277.0,2416448,0.3933
2016-04-04,NHPC,EQ,24.05,24.05,24.25,23.9,24.05,24.1,24.11,4315867,10406204595000.0,9548.0,1745016,0.4043
2016-04-05,NHPC,EQ,24.1,24.0,24.0,22.65,22.7,22.8,23.26,4342782,10102460525000.0,7925.0,1956502,0.45049999999999996
2016-04-06,NHPC,EQ,22.8,22.9,23.35,22.6,23.25,23.2,23.03,3588747,8264008040000.001,7760.0,1094090,0.3049
2016-04-07,NHPC,EQ,23.2,23.1,23.4,22.85,23.0,23.0,23.13,1836830,4247975350000.0,5221.0,533972,0.2907
2016-04-08,NHPC,EQ,23.0,22.9,23.45,22.8,23.2,23.3,23.17,1505347,3488509875000.0,2644.0,531121,0.3528
2016-04-11,NHPC,EQ,23.3,23.2,23.85,23.1,23.8,23.8,23.59,2140314,5049232585000.0,6212.0,911393,0.4258
2016-04-12,NHPC,EQ,23.8,23.9,24.25,23.45,23.65,23.75,23.86,4939513,11787101540000.0,8967.0,2145511,0.4344
2016-04-13,NHPC,EQ,23.75,23.8,24.1,23.75,23.85,23.9,23.91,3087211,7380325690000.001,5523.0,1137791,0.3685
2016-04-18,NHPC,EQ,23.9,23.8,23.95,23.6,23.8,23.8,23.81,2108505,5019462435000.0,3356.0,1149761,0.5453
2016-04-20,NHPC,EQ,23.8,24.0,24.0,23.35,23.55,23.5,23.56,1776743,4185704229999.9995,3422.0,767757,0.43210000000000004
2016-04-21,NHPC,EQ,23.5,23.6,23.75,23.1,23.1,23.15,23.27,2057004,4787484870000.0,5062.0,1014845,0.49340000000000006
2016-04-22,NHPC,EQ,23.15,23.2,23.3,22.95,23.05,23.05,23.08,1230829,2841189250000.0,3201.0,613020,0.49810000000000004
2016-04-25,NHPC,EQ,23.05,23.0,23.1,22.7,22.75,22.8,22.88,1649992,3775523670000.0005,4928.0,822859,0.4987
2016-04-26,NHPC,EQ,22.8,22.65,23.2,22.65,23.05,23.1,22.96,1987497,4563520360000.0,3546.0,765617,0.38520000000000004
2016-04-27,NHPC,EQ,23.1,21.8,21.8,21.5,21.6,21.55,21.64,46322976,100250356020000.0,14143.0,34087862,0.7359
2016-04-28,NHPC,EQ,21.55,21.3,21.35,21.05,21.1,21.1,21.13,34314449,72518916575000.0,10806.0,24766106,0.7217
2016-04-29,NHPC,EQ,21.1,20.8,20.9,20.65,20.65,20.65,20.75,59828173,124128737925000.0,17812.0,45190774,0.7553000000000001
2016-05-02,NHPC,EQ,20.65,20.6,21.25,20.5,21.2,21.05,20.76,71459873,148352952320000.0,13663.0,37332888,0.5224
2016-05-03,NHPC,EQ,21.05,21.2,21.3,20.65,20.75,20.7,20.98,8898922,18670102970000.0,8191.0,3344114,0.37579999999999997
2016-05-04,NHPC,EQ,20.7,20.7,20.75,20.45,20.45,20.5,20.6,11025927,22714451850000.0,7630.0,3123651,0.2833
2016-05-05,NHPC,EQ,20.5,20.6,21.0,20.5,20.95,20.85,20.81,13262743,27601659289999.996,8951.0,8013410,0.6042000000000001
2016-05-06,NHPC,EQ,20.85,20.9,21.3,20.75,21.2,21.2,21.1,16036416,33843489155000.0,12473.0,9186293,0.5728
2016-05-09,NHPC,EQ,21.2,21.35,21.35,21.05,21.1,21.1,21.15,4050518,8566491200000.0,5092.0,2013819,0.4972
2016-05-10,NHPC,EQ,21.1,21.1,21.25,20.85,21.15,21.2,21.13,8716984,18415412655000.0,8904.0,4868141,0.5585
2016-05-11,NHPC,EQ,21.2,20.95,21.7,20.9,21.55,21.5,21.43,36941827,79170822615000.0,15563.0,24947481,0.6753
2016-05-12,NHPC,EQ,21.5,21.65,21.75,21.3,21.35,21.4,21.5,9777378,21017609270000.0,19323.0,4306472,0.4405
2016-05-13,NHPC,EQ,21.4,21.25,21.45,21.0,21.35,21.35,21.27,3520850,7489307780000.0,4557.0,1573220,0.44680000000000003
2016-05-16,NHPC,EQ,21.35,21.35,21.5,21.1,21.5,21.4,21.33,9435790,20130959800000.0,8612.0,4115895,0.4362
2016-05-17,NHPC,EQ,21.4,21.5,21.65,21.3,21.5,21.45,21.46,3560671,7640137420000.0,8668.0,1635650,0.4594
2016-05-18,NHPC,EQ,21.45,21.4,21.8,21.3,21.7,21.65,21.58,6969803,15037864544999.998,6694.0,4365124,0.6263000000000001
2016-05-19,NHPC,EQ,21.65,21.7,21.85,21.3,21.4,21.4,21.6,3090575,6676777045000.0,8757.0,1279289,0.4139
2016-05-20,NHPC,EQ,21.4,21.45,21.75,21.35,21.7,21.65,21.55,5443307,11730279740000.0,9184.0,3285963,0.6037
2016-05-23,NHPC,EQ,21.65,21.75,21.85,21.55,21.8,21.8,21.75,6786838,14762974800000.0,19839.0,3579173,0.5274
2016-05-24,NHPC,EQ,21.8,21.8,22.15,21.75,22.1,22.05,21.98,9792489,21525613995000.0,10984.0,6140753,0.6271
2016-05-25,NHPC,EQ,22.05,22.2,22.4,22.0,22.35,22.3,22.23,8156496,18129584395000.0,9737.0,4868518,0.5969
2016-05-26,NHPC,EQ,22.3,22.4,22.8,22.3,22.65,22.65,22.62,28620529,64751005020000.01,12424.0,16481512,0.5759000000000001
2016-05-27,NHPC,EQ,22.65,22.45,23.2,22.45,23.15,23.1,22.94,7902847,18130562615000.0,13342.0,4392581,0.5558
2016-05-30,NHPC,EQ,23.1,22.8,23.95,22.05,22.9,22.75,22.88,12973672,29686099775000.0,17225.0,3013625,0.2323
2016-05-31,NHPC,EQ,22.75,22.85,23.45,22.65,23.3,23.3,23.06,8827532,20359548885000.0,22044.0,4679720,0.5301
2016-06-01,NHPC,EQ,23.3,23.1,24.15,22.95,24.0,24.05,23.71,13277171,31475289310000.004,26458.0,6623742,0.4989
2016-06-02,NHPC,EQ,24.05,23.85,24.9,23.3,24.6,24.65,24.32,16148020,39275854970000.0,15852.0,6593331,0.4083
2016-06-03,NHPC,EQ,24.65,24.65,24.95,24.3,24.7,24.7,24.67,11164246,27540792410000.004,14853.0,5048368,0.4522
2016-06-06,NHPC,EQ,24.7,24.5,24.7,23.9,23.95,23.95,24.17,4457028,10774216610000.0,9330.0,1859515,0.4172
2016-06-07,NHPC,EQ,23.95,24.0,24.2,23.9,24.15,24.1,24.07,2531787,6094083095000.0,6720.0,1052307,0.4156
2016-06-08,NHPC,EQ,24.1,24.0,24.65,24.0,24.55,24.45,24.43,3509968,8574632384999.999,7997.0,1456336,0.41490000000000005
2016-06-09,NHPC,EQ,24.45,24.6,24.7,24.15,24.2,24.25,24.44,2724195,6657015820000.0,8702.0,1110203,0.40750000000000003
2016-06-10,NHPC,EQ,24.25,24.25,24.5,24.0,24.15,24.15,24.25,1695266,4110816204999.9995,4081.0,673127,0.3971
2016-06-13,NHPC,EQ,24.15,23.9,24.4,23.75,24.1,24.2,24.03,2625418,6310155445000.0,8689.0,1017627,0.3876
2016-06-14,NHPC,EQ,24.2,24.2,24.8,24.1,24.75,24.7,24.46,4769167,11663472010000.0,12333.0,2534257,0.5314
2016-06-15,NHPC,EQ,24.7,24.85,24.9,24.4,24.6,24.65,24.66,2190990,5403725695000.0,8940.0,830681,0.3791
2016-06-16,NHPC,EQ,24.65,24.75,25.3,24.45,25.1,25.05,24.84,4789230,11898649010000.0,10522.0,2454539,0.5125
2016-06-17,NHPC,EQ,25.05,25.1,25.65,24.4,25.15,25.3,25.22,15265393,38506224715000.0,19934.0,7357616,0.48200000000000004
2016-06-20,NHPC,EQ,25.3,25.0,25.35,24.85,24.9,24.95,25.02,3209404,8030281884999.999,10897.0,1738825,0.5418000000000001
2016-06-21,NHPC,EQ,24.95,24.95,25.15,24.7,24.8,24.9,24.9,2950455,7345645255000.0,6502.0,1465496,0.49670000000000003
2016-06-22,NHPC,EQ,24.9,24.75,24.9,24.35,24.55,24.6,24.6,3290616,8094061840000.001,10425.0,1940335,0.5897
2016-06-23,NHPC,EQ,24.6,24.5,24.6,24.15,24.4,24.4,24.4,1786088,4358205425000.0,5470.0,738839,0.41369999999999996
2016-06-24,NHPC,EQ,24.4,23.9,24.15,23.05,24.1,24.05,23.69,4673841,11073817900000.0,10109.0,1914678,0.4097
2016-06-27,NHPC,EQ,24.05,24.0,24.65,23.9,24.4,24.4,24.27,2763956,6707167670000.0,8844.0,1220911,0.44170000000000004
2016-06-28,NHPC,EQ,24.4,24.4,24.95,24.25,24.85,24.9,24.67,4465673,11017067700000.0,16372.0,2231482,0.4997
2016-06-29,NHPC,EQ,24.9,25.05,25.25,24.95,25.0,25.0,25.08,3458081,8671426630000.0,9139.0,1419994,0.4106
2016-06-30,NHPC,EQ,25.0,25.15,25.3,24.8,25.15,25.2,25.12,7915616,19881567255000.0,18079.0,3935554,0.4972
2016-07-01,NHPC,EQ,25.2,25.15,25.3,24.85,24.9,24.95,25.08,4451237,11165078305000.0,9888.0,2325570,0.5225
2016-07-04,NHPC,EQ,24.95,24.95,26.3,24.85,25.8,25.75,25.62,8294902,21250981755000.0,12514.0,4244640,0.5117
2016-07-05,NHPC,EQ,25.75,25.75,25.95,25.35,25.55,25.55,25.61,3826042,9799870845000.0,8693.0,1269104,0.33170000000000005
2016-07-07,NHPC,EQ,25.55,25.55,25.7,25.1,25.3,25.2,25.38,2526045,6411204200000.0,5190.0,969391,0.38380000000000003
2016-07-08,NHPC,EQ,25.2,25.25,25.4,24.8,25.2,25.1,25.03,3521907,8814895960000.0,5154.0,1392566,0.3954
2016-07-11,NHPC,EQ,25.1,25.5,25.7,25.3,25.4,25.35,25.42,3417590,8686453725000.0,5685.0,1557783,0.4558
2016-07-12,NHPC,EQ,25.35,25.4,25.9,25.2,25.6,25.6,25.5,3690070,9411478800000.0,6186.0,2131335,0.5776
2016-07-13,NHPC,EQ,25.6,25.5,25.55,25.15,25.25,25.25,25.28,2730761,6903154459999.999,6036.0,1493202,0.5468000000000001
2016-07-14,NHPC,EQ,25.25,25.25,25.55,25.15,25.5,25.45,25.4,2334767,5930459140000.0,3695.0,1155040,0.4947
2016-07-15,NHPC,EQ,25.45,25.3,25.5,25.15,25.2,25.2,25.27,2412262,6094597700000.0,3579.0,1383678,0.5736
2016-07-18,NHPC,EQ,25.2,25.3,25.6,25.2,25.3,25.3,25.38,3029519,7687789109999.999,5526.0,1607269,0.5305
2016-07-19,NHPC,EQ,25.3,25.15,25.4,25.0,25.0,25.0,25.07,2227498,5585394175000.0,4549.0,1528871,0.6864
2016-07-20,NHPC,EQ,25.0,25.0,25.2,24.95,25.1,25.1,25.07,1513043,3792833320000.0005,2839.0,856235,0.5659000000000001
2016-07-21,NHPC,EQ,25.1,25.3,25.3,25.05,25.2,25.15,25.18,3320188,8360725690000.001,4088.0,1856909,0.5593
2016-07-22,NHPC,EQ,25.15,25.2,25.55,25.15,25.45,25.45,25.34,3361909,8519550050000.0,7758.0,1420944,0.4227
2016-07-25,NHPC,EQ,25.45,25.35,25.5,25.2,25.25,25.25,25.3,1853955,4689680705000.0,5497.0,1049437,0.5661
2016-07-26,NHPC,EQ,25.25,25.25,25.6,25.1,25.25,25.35,25.37,3620354,9183184955000.0,6323.0,1535349,0.4241
2016-07-27,NHPC,EQ,25.35,25.35,25.45,25.0,25.1,25.1,25.21,4400803,11094222510000.0,6323.0,2254180,0.5122
2016-07-28,NHPC,EQ,25.1,25.3,25.4,25.05,25.2,25.2,25.21,4752971,11983173520000.0,3497.0,3383064,0.7118000000000001
2016-07-29,NHPC,EQ,25.2,25.25,25.4,25.1,25.3,25.3,25.27,2924927,7391294900000.0,4932.0,2004113,0.6851999999999999
2016-08-01,NHPC,EQ,25.3,25.35,25.45,24.7,25.1,25.1,25.11,1848189,4639943475000.0,3891.0,861686,0.4662
2016-08-02,NHPC,EQ,25.1,25.1,25.25,24.7,24.85,24.9,24.96,1065630,2660257615000.0,2406.0,414941,0.38939999999999997
2016-08-03,NHPC,EQ,24.9,24.85,24.9,24.4,24.55,24.45,24.56,1903732,4675791135000.0,3483.0,1068019,0.561
2016-08-04,NHPC,EQ,24.45,24.55,24.8,23.9,24.65,24.5,24.26,10261029,24892718210000.0,7525.0,4351734,0.4241
2016-08-05,NHPC,EQ,24.5,24.6,25.05,24.6,25.0,24.95,24.88,2324159,5782291615000.0,2952.0,1221066,0.5254
2016-08-08,NHPC,EQ,24.95,25.0,25.3,24.85,24.95,24.95,25.05,1325276,3319955690000.0,2493.0,619093,0.4671
2016-08-09,NHPC,EQ,24.95,24.95,25.7,24.9,25.65,25.55,25.4,4072208,10343496385000.0,6980.0,2132923,0.5238
2016-08-10,NHPC,EQ,25.55,25.6,26.15,25.25,25.95,25.9,25.77,9514931,24522549735000.0,6315.0,5791213,0.6086
2016-08-11,NHPC,EQ,25.9,26.3,26.7,26.05,26.4,26.4,26.37,9840567,25953098090000.0,11752.0,2961900,0.30100000000000005
2016-08-12,NHPC,EQ,26.4,26.5,26.6,25.6,26.15,26.15,26.19,9438907,24723265225000.0,10919.0,5184003,0.5492
2016-08-16,NHPC,EQ,26.15,26.4,27.3,26.2,26.95,27.0,26.92,12774918,34394199395000.0,17513.0,7081824,0.5544
2016-08-17,NHPC,EQ,27.0,27.1,27.4,27.0,27.3,27.25,27.21,3703990,10079417975000.0,10803.0,1643556,0.4437
2016-08-18,NHPC,EQ,27.25,27.45,27.75,26.8,27.35,27.3,27.18,8184412,22243195990000.0,8059.0,3288988,0.4019
2016-08-19,NHPC,EQ,27.3,27.45,27.7,27.15,27.4,27.4,27.46,4681485,12855293740000.0,9161.0,1738558,0.3714
2016-08-22,NHPC,EQ,27.4,27.4,27.85,27.1,27.35,27.4,27.38,3591337,9832389215000.0,7628.0,1657792,0.46159999999999995
2016-08-23,NHPC,EQ,27.4,27.4,27.7,27.35,27.5,27.5,27.52,2367379,6515330315000.0,6270.0,1163487,0.4915
2016-08-24,NHPC,EQ,27.5,27.5,27.65,27.4,27.5,27.55,27.52,2875263,7913886475000.0,6598.0,1658993,0.5770000000000001
2016-08-25,NHPC,EQ,27.55,27.6,27.85,27.4,27.65,27.7,27.6,7300066,20151614440000.0,8877.0,4021818,0.5509000000000001
2016-08-26,NHPC,EQ,27.7,27.7,27.7,27.15,27.2,27.3,27.4,3478367,9530504915000.0,7255.0,1992789,0.5729
2016-08-29,NHPC,EQ,27.3,27.3,27.4,27.05,27.2,27.25,27.22,2390129,6505336000000.0,6235.0,1132511,0.47380000000000005
2016-08-30,NHPC,EQ,27.25,27.35,27.85,27.25,27.85,27.75,27.62,3676801,10155168600000.0,9065.0,2022659,0.5501
2016-08-31,NHPC,EQ,27.75,27.75,28.3,27.7,28.1,28.15,28.04,5030077,14105828490000.0,9004.0,2576042,0.5121
2016-09-01,NHPC,EQ,28.15,28.2,28.2,27.6,27.75,27.8,27.83,3501661,9744559385000.0,5593.0,2088801,0.5965
2016-09-02,NHPC,EQ,27.8,27.7,28.05,27.6,28.0,28.0,27.84,4149005,11550349110000.0,8427.0,2174919,0.5242
2016-09-06,NHPC,EQ,28.0,28.0,28.15,27.45,27.7,27.7,27.84,2965816,8256529280000.0,8334.0,1529975,0.5159
2016-09-07,NHPC,EQ,27.7,27.7,27.7,27.05,27.2,27.1,27.3,4034914,11014869655000.0,7833.0,2625308,0.6506000000000001
2016-09-08,NHPC,EQ,27.1,26.9,26.95,26.6,26.75,26.7,26.78,2039968,5462761810000.0,7237.0,1026487,0.5032
2016-09-09,NHPC,EQ,26.7,26.75,26.9,26.1,26.3,26.2,26.54,2565761,6810000855000.0,6414.0,1396838,0.5444
2016-09-12,NHPC,EQ,26.2,25.9,26.1,25.5,25.65,25.65,25.83,2437314,6294473785000.0,5653.0,1242736,0.5099
2016-09-14,NHPC,EQ,25.65,25.85,26.9,25.8,26.9,26.75,26.37,4407735,11622290365000.0,8043.0,1874710,0.4253
2016-09-15,NHPC,EQ,26.75,27.0,27.0,26.2,26.5,26.5,26.56,3790076,10066142455000.0,5192.0,1958660,0.5168
2016-09-16,NHPC,EQ,26.5,26.65,26.95,26.4,26.85,26.8,26.72,4355692,11637016845000.0,7594.0,2513225,0.5770000000000001
2016-09-19,NHPC,EQ,26.8,26.8,27.1,26.65,26.95,26.95,26.89,2047973,5507766695000.0,3642.0,1028607,0.5023
2016-09-20,NHPC,EQ,26.95,26.9,27.0,26.25,26.35,26.35,26.44,1777431,4698983610000.0,3790.0,884929,0.4979
2016-09-21,NHPC,EQ,26.35,26.45,26.6,26.35,26.55,26.5,26.47,2091037,5535971910000.0,4900.0,1321469,0.632
2016-09-22,NHPC,EQ,26.5,26.6,26.95,26.55,26.7,26.85,26.74,3242497,8670316265000.001,4438.0,1849009,0.5702
2016-09-23,NHPC,EQ,26.85,26.8,26.8,25.9,25.95,26.0,26.23,3854722,10109292285000.0,5636.0,1859099,0.4823
2016-09-26,NHPC,EQ,26.0,26.0,26.15,25.3,25.5,25.4,25.74,2872121,7394004595000.0,5162.0,1361705,0.47409999999999997
2016-09-27,NHPC,EQ,25.4,25.45,25.75,25.2,25.65,25.55,25.44,2211410,5625183330000.0,3564.0,750156,0.3392
2016-09-28,NHPC,EQ,25.55,25.35,25.75,25.35,25.5,25.45,25.54,2127947,5434473325000.0,4525.0,1202703,0.5652
2016-09-29,NHPC,EQ,25.45,25.45,25.75,24.15,24.3,24.35,24.58,7766139,19091404795000.0,9499.0,4159996,0.5357000000000001
2016-09-30,NHPC,EQ,24.35,24.5,25.1,24.3,25.05,25.0,24.85,5709606,14190085544999.998,7967.0,2787325,0.4882
2016-10-03,NHPC,EQ,25.0,25.25,25.9,24.9,25.65,25.65,25.56,3162246,8081242850000.0,8155.0,1275098,0.4032
2016-10-04,NHPC,EQ,25.65,25.65,25.9,25.45,25.7,25.75,25.66,1662319,4266328485000.0,3659.0,790084,0.4753
2016-10-05,NHPC,EQ,25.75,25.55,26.0,25.55,25.85,25.85,25.8,2218203,5723533750000.0,3721.0,720331,0.3247
2016-10-06,NHPC,EQ,25.85,25.9,26.15,25.2,26.0,25.75,25.74,3108204,8001162305000.0,8256.0,1217651,0.3918
2016-10-07,NHPC,EQ,25.75,26.0,26.05,25.5,25.6,25.6,25.72,1546839,3977932954999.9995,2631.0,367500,0.23760000000000003
2016-10-10,NHPC,EQ,25.6,25.65,25.7,25.35,25.5,25.4,25.5,1074288,2739700920000.0,2959.0,504588,0.4697
2016-10-13,NHPC,EQ,25.4,25.4,25.75,25.35,25.5,25.6,25.55,4577288,11695655230000.0,12748.0,2018285,0.44090000000000007
2016-10-14,NHPC,EQ,25.6,25.75,25.75,25.4,25.45,25.5,25.5,3590324,9155898790000.0,9979.0,1829585,0.5096
2016-10-17,NHPC,EQ,25.5,25.5,25.65,24.7,24.95,25.05,25.06,6855161,17176866169999.998,9753.0,2116667,0.3088
2016-10-18,NHPC,EQ,25.05,25.1,25.85,24.9,25.35,25.35,25.38,5054735,12830111920000.0,6805.0,1687515,0.33380000000000004
2016-10-19,NHPC,EQ,25.35,25.4,25.75,25.3,25.65,25.65,25.49,4443463,11326848425000.0,7322.0,2093188,0.4711
2016-10-20,NHPC,EQ,25.65,25.75,25.9,25.4,25.75,25.7,25.7,4542752,11675122105000.0,5997.0,1313075,0.289
2016-10-21,NHPC,EQ,25.7,25.7,26.0,25.5,25.8,25.85,25.82,2962029,7646835834999.999,3702.0,787674,0.2659
2016-10-24,NHPC,EQ,25.85,25.85,26.1,25.75,25.85,25.85,25.94,5947126,15425853190000.0,6746.0,1578586,0.26539999999999997
2016-10-25,NHPC,EQ,25.85,25.85,26.05,25.65,25.95,25.9,25.84,6377232,16478604440000.0,6687.0,1145286,0.1796
2016-10-26,NHPC,EQ,25.9,25.8,26.05,25.65,25.65,25.75,25.87,2819329,7294870159999.999,5046.0,838320,0.2973
2016-10-27,NHPC,EQ,25.75,25.65,26.1,25.45,25.7,25.7,25.8,7539380,19448757210000.0,9654.0,2710831,0.35960000000000003
2016-10-28,NHPC,EQ,25.7,25.95,27.0,25.6,26.9,26.8,26.43,7821420,20673717665000.0,12139.0,3110167,0.3976
2016-10-30,NHPC,EQ,26.8,27.0,27.15,26.7,26.7,26.75,26.78,513597,1375646190000.0,1448.0,268083,0.522
2016-11-01,NHPC,EQ,26.75,26.85,27.1,26.3,26.55,26.55,26.63,4179701,11129327320000.0,11894.0,1608321,0.3848
2016-11-02,NHPC,EQ,26.55,26.4,26.75,26.15,26.2,26.35,26.54,4430817,11758726345000.0,11884.0,1564239,0.353
2016-11-03,NHPC,EQ,26.35,26.3,26.7,26.15,26.4,26.35,26.46,3940033,10424562760000.0,9205.0,1460545,0.37070000000000003
2016-11-04,NHPC,EQ,26.35,26.35,26.65,26.15,26.35,26.35,26.41,4833858,12765917680000.0,10104.0,1836159,0.3799
2016-11-07,NHPC,EQ,26.35,26.4,26.6,26.05,26.1,26.2,26.36,3877025,10219122265000.0,12656.0,1429450,0.36869999999999997
2016-11-08,NHPC,EQ,26.2,26.2,26.45,26.0,26.1,26.1,26.14,2158226,5642129040000.0,7441.0,884135,0.4097
2016-11-09,NHPC,EQ,26.1,25.5,25.55,24.0,25.3,25.3,24.97,7562326,18884598460000.0,14330.0,2124542,0.2809
2016-11-10,NHPC,EQ,25.3,25.5,26.55,25.5,26.5,26.45,26.19,6811867,17838500560000.0,14559.0,1577407,0.2316
2016-11-11,NHPC,EQ,26.45,26.0,26.5,25.15,25.25,25.35,25.92,5952363,15427186110000.0,10673.0,1234230,0.2074
2016-11-15,NHPC,EQ,25.35,25.4,25.4,24.5,24.55,24.6,24.74,3931379,9726332650000.0,7944.0,1445747,0.3677
2016-11-16,NHPC,EQ,24.6,24.85,25.05,24.15,24.3,24.35,24.53,4190797,10280465825000.0,10467.0,1262442,0.3012
2016-11-17,NHPC,EQ,24.35,24.6,25.4,24.4,25.25,25.2,24.88,3252110,8092222209999.999,8573.0,1489396,0.45799999999999996
2016-11-18,NHPC,EQ,25.2,25.3,26.6,25.15,26.4,26.25,25.94,14583991,37836773240000.0,21816.0,4948575,0.3393
2016-11-21,NHPC,EQ,26.25,26.75,26.8,25.5,25.6,25.6,26.02,4141007,10774182000000.0,10522.0,1206815,0.2914
2016-11-22,NHPC,EQ,25.6,25.5,25.6,24.9,25.5,25.4,25.27,5277714,13337291730000.0,14145.0,2420207,0.4586
2016-11-23,NHPC,EQ,25.4,25.7,26.25,25.4,26.15,26.05,25.83,8066986,20836663915000.0,12481.0,3226703,0.4
2016-11-24,NHPC,EQ,26.05,25.95,26.55,25.8,26.45,26.35,26.27,6479869,17021294035000.0,8206.0,3457059,0.5335
2016-11-25,NHPC,EQ,26.35,26.4,27.4,26.4,27.05,27.1,27.07,8415135,22777911590000.0,10060.0,2903306,0.34500000000000003
2016-11-28,NHPC,EQ,27.1,27.05,28.0,27.0,27.95,27.9,27.52,10196049,28056404680000.0,11382.0,4968859,0.48729999999999996
2016-11-29,NHPC,EQ,27.9,28.0,28.35,27.45,27.5,27.55,27.97,6803916,19031711400000.0,11113.0,3190322,0.46890000000000004
2016-11-30,NHPC,EQ,27.55,27.7,28.15,27.5,28.05,28.05,27.86,6269663,17466019310000.0,7896.0,3415252,0.5447
2016-12-01,NHPC,EQ,28.05,27.85,28.15,27.2,27.3,27.25,27.59,5832804,16090234660000.0,9968.0,2831904,0.4855
2016-12-02,NHPC,EQ,27.25,27.15,28.4,27.0,27.6,27.5,27.73,9187337,25476844580000.0,26834.0,3874456,0.4217
2016-12-05,NHPC,EQ,27.5,27.5,28.0,27.15,27.2,27.25,27.4,6404734,17549677919999.998,8909.0,3167987,0.49460000000000004
2016-12-06,NHPC,EQ,27.25,27.6,27.75,27.15,27.25,27.25,27.43,4695958,12882818130000.0,6446.0,2567962,0.5468000000000001
2016-12-07,NHPC,EQ,27.25,27.4,27.7,27.0,27.2,27.25,27.38,5403901,14793520200000.0,11124.0,2023520,0.37450000000000006
2016-12-08,NHPC,EQ,27.25,27.65,27.8,27.3,27.5,27.4,27.47,4246620,11664345970000.0,5844.0,2607146,0.6139
2016-12-09,NHPC,EQ,27.4,27.9,27.9,27.4,27.45,27.45,27.63,6154463,17006230240000.0,7588.0,3016482,0.4901
2016-12-12,NHPC,EQ,27.45,27.25,27.5,27.2,27.35,27.3,27.34,3174175,8678426084999.999,7310.0,1500350,0.47270000000000006
2016-12-13,NHPC,EQ,27.3,27.4,27.45,26.9,26.95,27.0,27.14,3504062,9510728595000.0,5962.0,1936883,0.5528000000000001
2016-12-14,NHPC,EQ,27.0,26.9,27.05,26.6,26.7,26.7,26.83,2909797,7805854284999.999,3964.0,1098385,0.3775
2016-12-15,NHPC,EQ,26.7,26.55,27.1,26.4,27.0,26.85,26.89,2915863,7841113840000.001,5317.0,1352742,0.46390000000000003
2016-12-16,NHPC,EQ,26.85,26.85,27.3,26.65,27.25,27.05,26.92,2198097,5917341275000.0,3534.0,1339781,0.6095
2016-12-19,NHPC,EQ,27.05,27.05,27.35,26.85,26.95,26.95,27.03,2441236,6597485480000.0,5990.0,1247310,0.5109
2016-12-20,NHPC,EQ,26.95,26.9,27.25,26.7,26.95,26.95,26.9,2161378,5814191655000.0,2882.0,1189370,0.5503
2016-12-21,NHPC,EQ,26.95,27.1,27.6,26.6,27.15,27.1,27.23,5331893,14516588919999.998,6733.0,2643694,0.4958
2016-12-22,NHPC,EQ,27.1,27.1,27.3,26.0,26.05,26.1,26.6,6197303,16487292310000.0,10438.0,1806793,0.2915
2016-12-23,NHPC,EQ,26.1,26.0,26.35,25.9,26.2,26.2,26.15,2642504,6910347890000.001,5337.0,1238346,0.4686
2016-12-26,NHPC,EQ,26.2,26.55,26.6,25.75,25.9,25.9,26.11,2825584,7377347040000.001,5379.0,913754,0.3234
2016-12-27,NHPC,EQ,25.9,26.0,26.6,25.65,26.55,26.35,26.21,8325509,21823569375000.0,6351.0,4802941,0.5769
2016-12-28,NHPC,EQ,26.35,26.55,26.75,26.25,26.5,26.35,26.5,4678889,12401308935000.0,5109.0,1645042,0.35159999999999997
2016-12-29,NHPC,EQ,26.35,26.35,26.95,26.2,26.9,26.55,26.5,24085212,63825422795000.01,6693.0,17278457,0.7173999999999999
2016-12-30,NHPC,EQ,26.55,26.75,26.85,26.35,26.5,26.45,26.6,2218199,5901304955000.0,3258.0,680362,0.30670000000000003
2017-01-02,NHPC,EQ,26.45,26.65,26.95,26.25,26.95,26.8,26.63,2336167,6221593045000.0,3079.0,584995,0.2504
2017-01-03,NHPC,EQ,26.8,27.0,27.45,26.8,27.35,27.3,27.1,5397234,14625659665000.0,8698.0,1945220,0.3604
2017-01-04,NHPC,EQ,27.3,27.3,27.75,27.25,27.45,27.4,27.48,4870974,13385571555000.0,7211.0,2447358,0.5024000000000001
2017-01-05,NHPC,EQ,27.4,27.4,27.7,27.35,27.55,27.5,27.49,2770106,7614813745000.0,4248.0,1439806,0.5197999999999999
2017-01-06,NHPC,EQ,27.5,27.6,27.65,27.2,27.3,27.25,27.36,4116590,11261875655000.0,5493.0,2495608,0.6062
2017-01-09,NHPC,EQ,27.25,27.3,27.55,27.15,27.2,27.2,27.3,3312241,9042229430000.0,4496.0,2089083,0.6307
2017-01-10,NHPC,EQ,27.2,27.3,27.4,27.2,27.35,27.35,27.33,3882116,10608745070000.0,6225.0,2895384,0.7458
2017-01-11,NHPC,EQ,27.35,27.4,27.55,27.25,27.4,27.4,27.4,4531443,12418065905000.0,5192.0,3525841,0.7781
2017-01-12,NHPC,EQ,27.4,27.55,30.8,27.55,29.95,29.9,29.37,89199031,261997214760000.0,72324.0,22491838,0.2522
2017-01-13,NHPC,EQ,29.9,30.0,30.15,29.05,29.3,29.25,29.5,25944970,76529106860000.0,20742.0,12814660,0.4939
2017-01-16,NHPC,EQ,29.25,29.35,30.4,29.35,30.15,30.2,29.87,19351474,57808207610000.0,25891.0,7621924,0.39390000000000003
2017-01-17,NHPC,EQ,30.2,30.4,30.45,29.55,29.95,29.95,29.89,13900302,41542670615000.0,15510.0,6046238,0.435
2017-01-18,NHPC,EQ,29.95,30.1,30.25,29.75,29.85,29.8,29.95,11400199,34139182025000.0,17820.0,7044977,0.618
2017-01-19,NHPC,EQ,29.8,28.0,28.1,27.65,27.8,27.8,27.88,8514438,23738445910000.0,13159.0,3200998,0.37590000000000007
2017-01-20,NHPC,EQ,27.8,27.65,27.9,27.05,27.3,27.25,27.46,4552311,12502785350000.0,8327.0,2161192,0.4747
2017-01-23,NHPC,EQ,27.25,27.1,27.9,27.0,27.65,27.6,27.6,6672738,18418679160000.0,11260.0,2702291,0.405
2017-01-24,NHPC,EQ,27.6,27.8,27.8,27.4,27.75,27.75,27.66,4958590,13717030790000.0,13171.0,2442408,0.4926
2017-01-25,NHPC,EQ,27.75,27.95,28.3,27.65,27.9,27.95,27.98,26468046,74067552045000.0,16860.0,16245281,0.6138
2017-01-27,NHPC,EQ,27.95,27.9,29.75,27.85,29.45,29.5,28.99,14719249,42675899710000.0,24989.0,5897341,0.4007
2017-01-30,NHPC,EQ,29.5,29.7,29.85,28.7,29.15,29.15,29.17,7596544,22160314205000.0,11545.0,2544413,0.33490000000000003
2017-01-31,NHPC,EQ,29.15,29.2,29.6,28.8,28.9,28.95,29.12,4925110,14341910955000.002,9685.0,1697690,0.3447
2017-02-01,NHPC,EQ,28.95,28.75,29.4,28.75,29.4,29.25,29.14,5767959,16810552000000.0,10559.0,2668204,0.4626
2017-02-02,NHPC,EQ,29.25,29.4,31.25,29.25,31.0,30.85,30.52,22271200,67973693804999.99,27694.0,6474266,0.2907
2017-02-03,NHPC,EQ,30.85,31.1,31.2,30.5,30.75,30.8,30.78,7646977,23537041440000.0,12487.0,3238553,0.42350000000000004
2017-02-06,NHPC,EQ,30.8,31.1,31.5,31.0,31.35,31.3,31.28,10608494,33182839780000.0,23760.0,5990827,0.5647
2017-02-07,NHPC,EQ,31.3,31.35,31.7,31.1,31.25,31.3,31.43,13866175,43581161835000.0,20776.0,6503239,0.469
2017-02-08,NHPC,EQ,31.3,31.25,31.3,30.55,30.7,30.65,30.76,16257709,50016215990000.0,16774.0,11025776,0.6781999999999999
2017-02-09,NHPC,EQ,30.65,30.7,31.05,30.6,30.9,30.9,30.8,5758292,17737437945000.0,9548.0,3335175,0.5792
2017-02-10,NHPC,EQ,30.9,30.9,31.1,29.85,30.1,30.15,30.35,15863762,48153164715000.0,10234.0,10474305,0.6603
2017-02-13,NHPC,EQ,30.15,30.15,30.4,29.8,30.25,30.2,30.07,9452659,28426496210000.004,9998.0,6633822,0.7018000000000001
2017-02-14,NHPC,EQ,30.2,30.3,30.8,30.2,30.6,30.6,30.56,10641049,32522863710000.004,20327.0,7146911,0.6716
2017-02-15,NHPC,EQ,30.6,30.6,30.9,30.45,30.65,30.65,30.65,10368857,31775749350000.0,13206.0,7038339,0.6788
2017-02-16,NHPC,EQ,30.65,30.7,31.1,30.6,31.0,30.95,30.91,15122633,46749851065000.0,11983.0,10745462,0.7106
2017-02-17,NHPC,EQ,30.95,30.6,30.75,29.95,30.15,30.05,30.16,9871684,29773019350000.0,12248.0,5607161,0.568
2017-02-20,NHPC,EQ,30.05,30.2,30.3,29.8,30.1,30.15,30.14,3759395,11331958250000.0,4231.0,1438983,0.38280000000000003
2017-02-21,NHPC,EQ,30.15,30.2,30.3,29.95,30.05,30.05,30.11,3637410,10952016405000.0,3968.0,2706380,0.7440000000000001
2017-02-22,NHPC,EQ,30.05,30.4,30.7,30.25,30.3,30.3,30.48,10917135,33277491270000.0,14662.0,6081471,0.5571
2017-02-23,NHPC,EQ,30.3,30.3,30.45,29.85,30.2,30.15,30.11,22880550,68886810650000.0,11521.0,11109294,0.4855
2017-02-27,NHPC,EQ,30.15,30.05,30.45,29.6,29.7,29.7,29.84,6058525,18077268745000.0,11730.0,3993773,0.6592
2017-02-28,NHPC,EQ,29.7,30.0,30.65,29.95,30.6,30.5,30.34,8513863,25829278195000.0,14554.0,4500348,0.5286
2017-03-01,NHPC,EQ,30.5,30.7,31.1,30.55,30.65,30.7,30.81,7809234,24058073025000.0,15429.0,1772733,0.227
2017-03-02,NHPC,EQ,30.7,30.55,30.75,29.75,29.8,29.85,30.27,5555068,16814738025000.0,7739.0,1874010,0.33740000000000003
2017-03-03,NHPC,EQ,29.85,29.7,29.95,29.5,29.6,29.6,29.63,5303152,15715231744999.998,5150.0,2763152,0.521
2017-03-06,NHPC,EQ,29.6,29.8,30.2,29.6,30.2,30.0,29.81,6539541,19491810440000.0,6988.0,3358776,0.5136000000000001
2017-03-07,NHPC,EQ,30.0,30.05,30.3,29.8,29.85,29.9,29.99,3710778,11129642670000.0,5047.0,2104218,0.5671
2017-03-08,NHPC,EQ,29.9,29.95,30.1,29.7,29.95,29.95,29.9,2960354,8850780315000.0,3785.0,1535947,0.5188
2017-03-09,NHPC,EQ,29.95,29.8,30.05,29.65,29.9,29.95,29.88,4661049,13924971305000.002,6934.0,2842675,0.6099
2017-03-10,NHPC,EQ,29.95,29.95,30.6,29.9,30.15,30.2,30.27,9069163,27456214350000.0,8108.0,5826240,0.6424
2017-03-14,NHPC,EQ,30.2,30.5,30.75,30.25,30.6,30.6,30.48,6826417,20805393790000.0,5916.0,3595820,0.5268
2017-03-15,NHPC,EQ,30.6,30.6,30.9,30.4,30.65,30.65,30.67,7546433,23144596090000.0,8750.0,2638316,0.3496
2017-03-16,NHPC,EQ,30.65,30.75,31.05,30.45,30.95,30.95,30.73,4003483,12302474700000.0,7205.0,1662296,0.4152
2017-03-17,NHPC,EQ,30.95,31.0,31.0,30.35,30.85,30.65,30.64,5897056,18068575040000.0,6330.0,1405116,0.23829999999999998
2017-03-20,NHPC,EQ,30.65,30.65,30.8,30.5,30.6,30.6,30.63,2035266,6234821410000.0,5376.0,541504,0.2661
2017-03-21,NHPC,EQ,30.6,30.5,30.75,30.3,30.55,30.5,30.54,2746397,8388602495000.0,5503.0,495643,0.18050000000000002
2017-03-22,NHPC,EQ,30.5,30.4,30.55,29.7,29.75,29.75,30.07,5529391,16629084475000.0,8302.0,1994716,0.3607
2017-03-23,NHPC,EQ,29.75,30.05,30.15,29.95,30.1,30.05,30.04,3510749,10547458915000.0,7547.0,1635084,0.4657
2017-03-24,NHPC,EQ,30.05,30.4,31.0,30.3,30.65,30.7,30.73,9215124,28318916575000.0,13659.0,4252246,0.46140000000000003
2017-03-27,NHPC,EQ,30.7,30.85,31.75,30.75,31.35,31.35,31.34,11947277,37440452270000.0,19135.0,5407301,0.4526
2017-03-28,NHPC,EQ,31.35,31.4,31.75,31.15,31.4,31.25,31.38,4290066,13460598385000.0,6852.0,1926081,0.449
2017-03-29,NHPC,EQ,31.25,31.45,31.45,31.15,31.2,31.25,31.27,2998291,9374197060000.0,4479.0,1520975,0.5073
2017-03-30,NHPC,EQ,31.25,31.5,32.0,31.15,31.9,31.7,31.46,11476943,36109005855000.0,8272.0,4983419,0.43420000000000003
2017-03-31,NHPC,EQ,31.7,31.8,32.35,31.5,32.2,32.2,31.96,5541722,17711870450000.0,10556.0,2186096,0.3945
2017-04-03,NHPC,EQ,32.2,32.3,32.4,31.9,32.2,32.25,32.14,4465735,14351413219999.998,9925.0,1496761,0.33520000000000005
2017-04-05,NHPC,EQ,32.25,32.2,33.2,32.15,32.95,33.0,32.86,6852482,22515233145000.0,24419.0,3603000,0.5258
2017-04-06,NHPC,EQ,33.0,32.7,33.05,32.6,32.95,32.85,32.81,4222200,13853117919999.998,8139.0,1570960,0.37210000000000004
2017-04-07,NHPC,EQ,32.85,32.8,33.1,31.8,31.9,31.9,32.47,5595137,18170117805000.0,7139.0,2425578,0.4335
2017-04-10,NHPC,EQ,31.9,32.0,32.2,31.6,32.0,31.85,31.9,4316268,13766879385000.0,13364.0,1068832,0.24760000000000001
2017-04-11,NHPC,EQ,31.85,31.8,32.95,31.8,32.95,32.7,32.36,5795530,18751460775000.0,10449.0,1706630,0.2945
2017-04-12,NHPC,EQ,32.7,32.9,32.9,32.0,32.4,32.25,32.35,3135215,10142497075000.0,4844.0,689596,0.22
2017-04-13,NHPC,EQ,32.25,32.1,32.7,32.1,32.55,32.5,32.36,2488766,8054456655000.0,3749.0,944751,0.3796
2017-04-17,NHPC,EQ,32.5,32.5,32.7,31.35,31.4,31.5,32.04,5524110,17699407380000.0,8171.0,1077380,0.195
2017-04-18,NHPC,EQ,31.5,31.35,31.8,31.05,31.15,31.15,31.42,3250632,10214248805000.0,4923.0,711878,0.219
2017-04-19,NHPC,EQ,31.15,31.2,31.6,31.0,31.4,31.4,31.32,5469380,17132330255000.002,5842.0,1067016,0.19510000000000002
2017-04-20,NHPC,EQ,31.4,31.2,31.6,31.2,31.25,31.35,31.39,2084079,6540971950000.0,3200.0,498994,0.23940000000000003
2017-04-21,NHPC,EQ,31.35,31.4,32.15,31.2,32.1,31.85,31.63,3795466,12004384800000.0,6455.0,1750884,0.46130000000000004
2017-04-24,NHPC,EQ,31.85,32.1,32.25,31.55,31.85,31.8,31.88,3090458,9853207265000.0,5435.0,871088,0.28190000000000004
2017-04-25,NHPC,EQ,31.8,31.95,32.05,31.5,31.55,31.6,31.75,3249631,10316778105000.0,7313.0,1468157,0.4518
2017-04-26,NHPC,EQ,31.6,31.45,31.8,31.05,31.55,31.45,31.56,3722100,11746710460000.0,5950.0,1434911,0.38549999999999995
2017-04-27,NHPC,EQ,31.45,31.5,31.55,31.05,31.2,31.25,31.26,2433153,7605870790000.001,6327.0,1041025,0.4279
2017-04-28,NHPC,EQ,31.25,31.35,32.05,31.35,31.9,31.75,31.61,3021182,9550789845000.0,7618.0,1869002,0.6186
2017-05-02,NHPC,EQ,31.75,31.9,32.1,31.4,31.95,31.85,31.78,4900468,15575536055000.002,10088.0,1782286,0.36369999999999997
2017-05-03,NHPC,EQ,31.85,31.95,32.1,31.55,31.7,31.7,31.78,2744642,8723759675000.0,6064.0,1069482,0.3897
2017-05-04,NHPC,EQ,31.7,31.6,32.1,31.55,32.05,32.0,31.78,3277598,10416345445000.0,4230.0,1282374,0.39130000000000004
2017-05-05,NHPC,EQ,32.0,32.1,32.15,31.3,31.4,31.5,31.66,2613027,8273598825000.0,4582.0,821475,0.3144
2017-05-08,NHPC,EQ,31.5,31.5,31.65,31.3,31.55,31.55,31.46,1965334,6183480325000.0,4347.0,707451,0.36
2017-05-09,NHPC,EQ,31.55,31.5,31.75,30.95,31.15,31.05,31.28,3963870,12397915015000.0,10631.0,1212999,0.306
2017-05-10,NHPC,EQ,31.05,31.15,31.25,30.75,31.15,31.1,30.99,8007353,24815324215000.0,10634.0,4242289,0.5297999999999999
2017-05-11,NHPC,EQ,31.1,31.2,31.35,30.9,31.1,31.1,31.13,4118670,12821459060000.0,5943.0,1535730,0.3729
2017-05-12,NHPC,EQ,31.1,31.1,31.15,30.75,30.8,30.85,30.93,2364985,7315656840000.001,4599.0,700068,0.29600000000000004
2017-05-15,NHPC,EQ,30.85,30.9,31.45,30.85,31.35,31.35,31.13,1844750,5743413140000.0,4605.0,705902,0.38270000000000004
2017-05-16,NHPC,EQ,31.35,31.35,31.75,30.75,31.25,31.0,31.13,7284055,22676322760000.0,11903.0,2790954,0.3832
2017-05-17,NHPC,EQ,31.0,31.4,31.4,30.9,31.0,30.95,31.07,2351637,7307031525000.0,5315.0,914355,0.38880000000000003
2017-05-18,NHPC,EQ,30.95,30.85,30.95,30.3,30.45,30.4,30.58,1775684,5429425560000.0,6024.0,842787,0.4746
2017-05-19,NHPC,EQ,30.4,30.4,30.9,30.4,30.65,30.65,30.68,2291709,7032010030000.0,7633.0,762913,0.3329
2017-05-22,NHPC,EQ,30.65,31.0,31.0,30.3,30.5,30.55,30.55,1552651,4742753210000.0,3349.0,644828,0.4153
2017-05-23,NHPC,EQ,30.55,30.55,30.6,29.65,29.75,29.75,29.85,1782753,5320841240000.0,3410.0,893484,0.5012
2017-05-24,NHPC,EQ,29.75,29.8,29.9,28.7,28.9,28.9,29.29,1869619,5475439985000.0,7269.0,780213,0.4173
2017-05-25,NHPC,EQ,28.9,28.9,29.5,28.85,29.1,29.25,29.22,2459003,7185395470000.0,3657.0,1089946,0.44320000000000004
2017-05-26,NHPC,EQ,29.25,29.25,31.65,29.05,30.5,30.45,30.45,6391158,19460057925000.0,13751.0,995238,0.1557
2017-05-29,NHPC,EQ,30.45,30.45,31.15,30.2,30.25,30.35,30.56,6328466,19341271040000.0,9679.0,1941425,0.3068
2017-05-30,NHPC,EQ,30.35,30.15,30.5,29.85,30.05,30.15,30.19,2253443,6802328090000.001,5768.0,910085,0.40390000000000004
2017-05-31,NHPC,EQ,30.15,30.05,30.4,29.6,30.4,30.25,30.17,4844705,14616767035000.0,6537.0,2178269,0.4496
2017-06-01,NHPC,EQ,30.25,30.3,30.4,29.75,30.0,29.95,29.97,2064082,6186097605000.0,4133.0,955900,0.4631
2017-06-02,NHPC,EQ,29.95,30.2,30.8,29.9,30.75,30.75,30.36,4108755,12476046240000.0,7291.0,1648087,0.4011
2017-06-05,NHPC,EQ,30.75,30.4,30.8,30.4,30.5,30.5,30.52,1725375,5265884040000.0,3871.0,897077,0.5199
2017-06-06,NHPC,EQ,30.5,30.4,30.6,30.05,30.5,30.4,30.36,3306775,10039701740000.0,6416.0,1768451,0.5347999999999999
2017-06-07,NHPC,EQ,30.4,30.4,31.4,30.4,31.3,31.2,30.9,4340892,13412527135000.0,8522.0,2961408,0.6822
2017-06-08,NHPC,EQ,31.2,31.25,31.7,31.05,31.6,31.55,31.4,3513962,11033965970000.0,7813.0,2032328,0.5784
2017-06-09,NHPC,EQ,31.55,31.75,34.25,31.55,33.4,33.3,33.24,32466705,107926941190000.02,52358.0,5822949,0.1794
2017-06-12,NHPC,EQ,33.3,33.4,33.85,33.2,33.4,33.4,33.51,8886744,29775224435000.004,30501.0,3934513,0.44270000000000004
2017-06-13,NHPC,EQ,33.4,33.5,33.55,32.65,32.75,32.75,33.01,5059077,16700395344999.998,14654.0,2736497,0.5409
2017-06-14,NHPC,EQ,32.75,32.85,33.0,32.3,32.85,32.75,32.67,4263032,13926646290000.0,14269.0,2134336,0.5007
2017-06-15,NHPC,EQ,32.75,32.85,32.95,32.45,32.5,32.55,32.61,3339249,10887829205000.0,30232.0,1765404,0.5287
2017-06-16,NHPC,EQ,32.55,32.55,33.7,32.5,33.65,33.3,33.09,7242363,23963043865000.0,12674.0,4773199,0.6591
2017-06-19,NHPC,EQ,33.3,33.35,33.65,33.1,33.55,33.55,33.37,6083295,20302562795000.0,12741.0,3557942,0.5849000000000001
2017-06-20,NHPC,EQ,33.55,33.6,34.0,33.5,33.65,33.75,33.7,5540786,18669908170000.0,13802.0,3202123,0.5779
2017-06-21,NHPC,EQ,33.75,33.7,34.4,33.5,34.0,34.05,34.11,12508060,42662937395000.0,21610.0,5354449,0.42810000000000004
2017-06-22,NHPC,EQ,34.05,34.35,34.5,32.8,33.3,33.15,33.69,5642757,19009754155000.0,8998.0,2549748,0.45189999999999997
2017-06-23,NHPC,EQ,33.15,33.35,33.5,32.35,32.5,32.45,32.67,4428106,14466985335000.0,9433.0,2061669,0.4656
2017-06-27,NHPC,EQ,32.45,32.45,32.9,31.85,31.95,32.05,32.22,5164516,16639182315000.0,7838.0,1435594,0.278
2017-06-28,NHPC,EQ,32.05,32.15,32.3,31.45,31.75,31.7,31.9,3429592,10940374675000.0,7329.0,1302008,0.3796
2017-06-29,NHPC,EQ,31.7,32.0,32.25,31.45,32.1,32.05,31.82,6247418,19878700325000.0,5872.0,3074208,0.49210000000000004
2017-06-30,NHPC,EQ,32.05,32.15,32.25,31.2,31.45,31.35,31.67,6752689,21382524195000.0,14067.0,3084332,0.4568
2017-07-03,NHPC,EQ,31.35,32.1,32.25,31.7,31.95,31.9,31.92,5486189,17511135980000.002,12761.0,3003028,0.5474
2017-07-04,NHPC,EQ,31.9,32.0,32.15,31.1,31.25,31.25,31.46,3311255,10416754085000.0,7056.0,1154388,0.3486
2017-07-05,NHPC,EQ,31.25,31.3,31.55,30.75,31.1,31.05,31.14,3558480,11080674930000.0,6106.0,1501724,0.42200000000000004
2017-07-06,NHPC,EQ,31.05,31.3,31.5,31.05,31.35,31.35,31.21,3188293,9949806700000.0,4207.0,1775845,0.557
2017-07-07,NHPC,EQ,31.35,31.35,32.8,31.35,31.9,31.8,32.05,8260371,26476999800000.0,13911.0,3110973,0.3766
2017-07-10,NHPC,EQ,31.8,31.7,32.35,31.7,32.1,32.15,32.09,795129,2551496130000.0,1209.0,465416,0.5853
2017-07-11,NHPC,EQ,32.15,32.15,32.3,31.05,31.15,31.3,31.83,5042351,16051950894999.998,5743.0,1965723,0.3898
2017-07-12,NHPC,EQ,31.3,31.2,31.8,31.05,31.4,31.4,31.45,3909596,12295797200000.0,6674.0,1516895,0.38799999999999996
2017-07-13,NHPC,EQ,31.4,31.4,32.1,31.4,31.9,31.9,31.79,3391393,10782457795000.0,12790.0,1468036,0.4329
2017-07-14,NHPC,EQ,31.9,31.85,32.35,31.55,32.05,32.05,31.93,3977991,12702082720000.0,8688.0,1495398,0.37590000000000007
2017-07-17,NHPC,EQ,32.05,32.05,32.05,30.95,31.25,31.2,31.26,7253504,22673506990000.0,13908.0,3766912,0.5193
2017-07-18,NHPC,EQ,31.2,31.6,31.7,31.05,31.25,31.3,31.34,5447326,17070772230000.002,7440.0,2812029,0.5162
2017-07-19,NHPC,EQ,31.3,31.4,31.55,30.95,31.05,31.0,31.16,7033389,21914296955000.0,9060.0,4167032,0.5925
2017-07-20,NHPC,EQ,31.0,31.05,31.3,30.75,30.85,30.85,30.99,3202585,9925307905000.0,6348.0,1488427,0.4648
2017-07-21,NHPC,EQ,30.85,30.85,30.95,30.4,30.55,30.5,30.63,4567831,13992216755000.002,4876.0,2466647,0.54
2017-07-24,NHPC,EQ,30.5,30.65,30.9,30.45,30.7,30.7,30.66,5815386,17831598130000.0,10138.0,3420201,0.5881000000000001
2017-07-25,NHPC,EQ,30.7,30.75,30.85,30.2,30.3,30.3,30.5,5418561,16525154980000.002,8057.0,2981789,0.5503
2017-07-26,NHPC,EQ,30.3,30.4,30.8,30.35,30.8,30.7,30.58,6505487,19896696655000.0,11589.0,4089855,0.6287
2017-07-27,NHPC,EQ,30.7,30.75,31.05,30.1,30.2,30.3,30.52,7967630,24318133135000.0,9547.0,5006523,0.6284000000000001
2017-07-28,NHPC,EQ,30.3,30.2,30.4,30.0,30.35,30.2,30.17,4683391,14129595955000.002,5866.0,2906583,0.6206
2017-07-31,NHPC,EQ,30.2,30.35,30.5,30.15,30.4,30.35,30.28,3430985,10388452680000.0,3705.0,2493873,0.7269
2017-08-01,NHPC,EQ,30.35,30.35,30.55,29.9,30.0,30.0,30.16,5308602,16009629310000.0,10848.0,3451501,0.6502
2017-08-02,NHPC,EQ,30.0,30.1,30.4,30.0,30.2,30.1,30.16,3834483,11563047985000.0,7939.0,2600797,0.6783
2017-08-03,NHPC,EQ,30.1,30.2,30.25,29.55,29.85,29.85,29.89,3577315,10693091685000.0,9634.0,2159629,0.6037
2017-08-04,NHPC,EQ,29.85,30.0,30.35,29.8,30.25,30.15,30.09,6282560,18904697205000.0,18511.0,4594054,0.7312000000000001
2017-08-07,NHPC,EQ,30.15,30.15,31.1,30.15,31.05,31.0,30.83,4128274,12729350840000.0,9373.0,2439153,0.5908
2017-08-08,NHPC,EQ,31.0,31.15,31.4,30.65,31.4,31.25,31.13,6212872,19341299000000.0,12894.0,3590880,0.578
2017-08-09,NHPC,EQ,31.25,31.0,31.25,30.7,30.75,30.85,31.0,4604984,14277415775000.0,9200.0,1488995,0.3233
2017-08-10,NHPC,EQ,30.85,30.7,30.85,29.9,30.25,30.05,30.13,7383280,22244887750000.0,9068.0,4262707,0.5773
2017-08-11,NHPC,EQ,30.05,29.65,30.5,29.55,30.5,30.3,30.04,6169917,18533463780000.0,10983.0,3746466,0.6072
2017-08-14,NHPC,EQ,30.3,30.35,31.35,30.35,31.1,31.15,31.1,2703900,8408229990000.001,13338.0,1518294,0.5615
2017-08-16,NHPC,EQ,31.15,31.35,31.4,30.6,31.05,31.1,30.93,3155001,9758687200000.0,6468.0,1461710,0.4633
2017-08-17,NHPC,EQ,31.1,31.05,31.2,30.75,30.9,30.85,30.91,1905510,5890376380000.0,5867.0,857015,0.4498
2017-08-18,NHPC,EQ,30.85,30.85,30.85,29.85,30.15,30.15,30.19,6888442,20796646345000.0,6969.0,3616753,0.525
2017-08-21,NHPC,EQ,30.15,30.2,30.35,29.8,29.9,29.85,30.02,1551574,4657985900000.0,2862.0,730267,0.4707
2017-08-22,NHPC,EQ,29.85,29.95,30.1,29.1,29.4,29.4,29.57,5866585,17346860190000.0,7011.0,2814163,0.4797
2017-08-23,NHPC,EQ,29.4,29.4,29.8,29.4,29.6,29.7,29.57,4090092,12094062300000.0,6896.0,2949464,0.7211
2017-08-24,NHPC,EQ,29.7,29.75,30.0,29.5,29.8,29.75,29.74,4433035,13185376200000.0,6553.0,2383561,0.5377000000000001
2017-08-28,NHPC,EQ,29.75,29.8,30.0,29.1,29.35,29.2,29.44,6776281,19950769425000.0,12576.0,4116849,0.6075
2017-08-29,NHPC,EQ,29.2,29.15,29.4,28.95,29.0,29.0,29.09,4957529,14421836730000.002,6590.0,2501443,0.5046
2017-08-30,NHPC,EQ,29.0,29.15,29.5,28.95,29.2,29.05,29.19,4562755,13319277925000.0,4561.0,2709391,0.5938
2017-08-31,NHPC,EQ,29.05,29.15,29.5,28.9,29.05,29.05,29.08,7758617,22564853950000.0,8525.0,5026796,0.6479
2017-09-01,NHPC,EQ,29.05,29.05,29.25,28.65,28.95,28.85,28.89,4904134,14168450244999.998,6368.0,2559600,0.5219
2017-09-04,NHPC,EQ,28.85,29.0,29.0,28.45,28.6,28.65,28.66,5079383,14556836185000.0,6769.0,2382280,0.469
2017-09-05,NHPC,EQ,28.65,28.65,29.15,28.3,28.5,28.5,28.68,6090463,17467316565000.0,7033.0,2487542,0.40840000000000004
2017-09-06,NHPC,EQ,28.5,28.5,28.85,28.4,28.5,28.5,28.56,3206985,9159173660000.0,3732.0,1461190,0.4556
2017-09-07,NHPC,EQ,28.5,28.55,28.7,28.25,28.35,28.3,28.42,5418586,15398131219999.998,5292.0,3545088,0.6542
2017-09-08,NHPC,EQ,28.3,28.35,28.55,28.25,28.5,28.4,28.39,1880618,5338319260000.0,4192.0,946570,0.5033
2017-09-11,NHPC,EQ,28.4,28.5,28.65,28.35,28.5,28.5,28.47,2426658,6908760409999.999,4952.0,1407842,0.5802
2017-09-12,NHPC,EQ,28.5,28.65,28.95,28.55,28.85,28.9,28.74,3899410,11206703285000.0,11066.0,2216162,0.5683
2017-09-13,NHPC,EQ,28.9,28.95,29.2,28.6,28.85,28.8,28.9,3355509,9697138150000.0,4262.0,2066121,0.6157
2017-09-14,NHPC,EQ,28.8,28.85,29.0,28.45,28.5,28.5,28.64,2412304,6908588000000.0,3941.0,1259386,0.5221
2017-09-15,NHPC,EQ,28.5,28.45,28.55,27.95,28.15,28.1,28.13,5015821,14107589844999.998,6500.0,2664206,0.5312
2017-09-18,NHPC,EQ,28.1,28.15,28.55,28.05,28.3,28.2,28.26,2982662,8429599745000.0,4609.0,1436965,0.4818
2017-09-19,NHPC,EQ,28.2,28.35,28.45,27.9,28.2,28.25,28.2,5055381,14257625210000.0,6729.0,2828008,0.5594
2017-09-20,NHPC,EQ,28.25,28.2,28.4,28.0,28.1,28.1,28.17,5099000,14362550860000.0,4690.0,3158519,0.6194
2017-09-21,NHPC,EQ,28.1,28.2,28.25,27.95,28.1,28.05,28.04,4685239,13138354245000.0,6548.0,2770939,0.5914
2017-09-22,NHPC,EQ,28.05,28.1,28.2,27.75,27.85,27.9,27.96,6691747,18709088410000.0,8211.0,4230070,0.6321
2017-09-25,NHPC,EQ,27.9,27.85,27.9,26.95,27.2,27.15,27.27,5546468,15126737025000.0,7573.0,3367699,0.6072
2017-09-26,NHPC,EQ,27.15,27.15,27.45,26.95,27.25,27.15,27.1,6858373,18588784655000.0,7780.0,4128414,0.6020000000000001
2017-09-27,NHPC,EQ,27.15,27.25,27.4,26.8,26.9,26.85,27.03,3277099,8859320430000.0,4164.0,1736201,0.5297999999999999
2017-09-28,NHPC,EQ,26.85,26.8,27.15,26.6,26.8,26.8,26.87,7165039,19249450000000.0,4613.0,5079531,0.7089
2017-09-29,NHPC,EQ,26.8,27.05,27.2,26.9,27.15,27.05,27.02,4674123,12629429360000.0,14483.0,3559998,0.7615999999999999
2017-10-03,NHPC,EQ,27.05,27.15,28.15,27.15,27.9,27.95,27.56,8253911,22745595780000.0,9364.0,4901140,0.5938
2017-10-04,NHPC,EQ,27.95,28.5,29.1,27.7,27.9,27.85,28.45,15347156,43658273350000.0,17341.0,4970632,0.3239
2017-10-05,NHPC,EQ,27.85,27.9,28.1,27.55,27.65,27.65,27.84,5640692,15702009760000.0,9809.0,2928886,0.5192
2017-10-06,NHPC,EQ,27.65,27.65,27.9,27.65,27.8,27.8,27.79,2125415,5905760345000.0,2896.0,666992,0.3138
2017-10-09,NHPC,EQ,27.8,27.75,27.95,27.25,27.4,27.35,27.58,4401613,12141510705000.0,6691.0,2654983,0.6032000000000001
2017-10-10,NHPC,EQ,27.35,27.45,27.8,27.35,27.65,27.65,27.62,3398454,9385122885000.0,4250.0,2088196,0.6145
2017-10-11,NHPC,EQ,27.65,27.7,29.2,27.7,28.2,28.25,28.48,10887278,31003059895000.0,13827.0,5988977,0.5501
2017-10-12,NHPC,EQ,28.25,28.3,28.55,28.25,28.45,28.4,28.4,4569389,12976181420000.0,3676.0,3388093,0.7415
2017-10-13,NHPC,EQ,28.4,28.45,28.75,27.9,28.15,28.1,28.26,5055330,14287473894999.998,4727.0,2398738,0.47450000000000003
2017-10-16,NHPC,EQ,28.1,28.25,29.9,28.2,28.75,28.7,29.08,17383224,50549030755000.0,20966.0,4560966,0.26239999999999997
2017-10-17,NHPC,EQ,28.7,28.85,29.1,28.15,28.5,28.45,28.6,7815935,22350079570000.0,11362.0,3231045,0.41340000000000005
2017-10-18,NHPC,EQ,28.45,28.5,28.55,28.05,28.15,28.1,28.21,5677176,16014021300000.0,5400.0,2832922,0.499
2017-10-19,NHPC,EQ,28.1,28.15,28.25,27.8,27.95,28.0,28.04,943192,2644287015000.0,1828.0,608285,0.6448999999999999
2017-10-23,NHPC,EQ,28.0,28.0,28.1,27.2,27.4,27.45,27.56,6743268,18581878510000.0,8216.0,3670253,0.5443
2017-10-24,NHPC,EQ,27.45,27.55,27.8,27.4,27.45,27.45,27.55,5856707,16134115669999.998,9940.0,3001361,0.5125
2017-10-25,NHPC,EQ,27.45,27.8,28.25,27.7,28.1,28.1,28.0,8101837,22685925555000.0,10878.0,3064045,0.37820000000000004
2017-10-26,NHPC,EQ,28.1,28.1,28.3,27.85,28.0,28.0,28.07,8626661,24215761980000.0,6486.0,3520219,0.4081
2017-10-27,NHPC,EQ,28.0,28.1,29.2,28.1,28.55,28.5,28.76,12324502,35449578665000.0,15730.0,5350139,0.4341
2017-10-30,NHPC,EQ,28.5,28.9,29.1,28.55,28.75,28.75,28.87,8659202,24999507620000.0,8598.0,4221704,0.4875
2017-10-31,NHPC,EQ,28.75,28.85,29.2,28.4,28.65,28.55,28.81,6571527,18935060035000.0,7586.0,2754649,0.4192
2017-11-01,NHPC,EQ,28.55,28.8,29.15,28.7,28.85,28.8,28.87,7176753,20721537535000.0,10579.0,3041084,0.42369999999999997
2017-11-02,NHPC,EQ,28.8,28.9,29.2,28.75,29.05,29.1,29.02,5964690,17307256225000.0,9038.0,2383273,0.3996
2017-11-03,NHPC,EQ,29.1,29.25,29.4,29.0,29.2,29.15,29.17,5408386,15778628740000.0,6123.0,2177167,0.4026
2017-11-06,NHPC,EQ,29.15,29.15,29.25,28.5,28.65,28.6,28.89,6560855,18952217290000.0,7179.0,3811589,0.5810000000000001
2017-11-07,NHPC,EQ,28.6,29.3,29.55,28.4,28.65,28.65,28.98,12241907,35471003140000.0,14937.0,3354414,0.27399999999999997
2017-11-08,NHPC,EQ,28.65,28.85,28.95,27.85,28.0,28.0,28.37,6675576,18937697955000.0,9124.0,2978173,0.4461
2017-11-09,NHPC,EQ,28.0,28.2,28.35,26.85,27.9,27.8,27.58,9802171,27032820345000.0,17056.0,2301324,0.2348
2017-11-10,NHPC,EQ,27.8,28.2,28.3,27.8,27.9,28.0,28.0,6669964,18674474385000.0,10700.0,3979620,0.5966
2017-11-13,NHPC,EQ,28.0,28.0,28.2,26.95,27.55,27.2,27.55,6744220,18579936400000.0,10093.0,3419170,0.507
2017-11-14,NHPC,EQ,27.2,27.2,27.6,27.0,27.1,27.1,27.23,6059009,16497497619999.998,9022.0,3029852,0.5001
2017-11-15,NHPC,EQ,27.1,27.2,27.3,26.7,27.1,27.05,27.02,5355771,14471385575000.0,11012.0,2376088,0.4437
2017-11-16,NHPC,EQ,27.05,27.05,27.2,26.7,27.0,26.95,26.91,5627077,15142628200000.0,10272.0,2489205,0.4424
2017-11-17,NHPC,EQ,26.95,27.1,27.55,26.8,27.0,26.95,27.15,6703382,18199721580000.0,8208.0,1915519,0.2858
2017-11-20,NHPC,EQ,26.95,27.15,27.6,27.0,27.35,27.45,27.24,6540648,17819752650000.0,6446.0,3537773,0.5409
2017-11-21,NHPC,EQ,27.45,27.5,27.7,27.1,27.4,27.35,27.44,6381730,17510184505000.002,7331.0,2832483,0.44380000000000003
2017-11-22,NHPC,EQ,27.35,27.4,27.45,26.95,27.0,27.0,27.11,4201644,11389013450000.0,5083.0,2126687,0.5062
2017-11-23,NHPC,EQ,27.0,27.0,27.15,26.85,26.95,26.95,26.97,2157423,5819640680000.0,3161.0,1044440,0.4841
2017-11-24,NHPC,EQ,26.95,26.95,27.2,26.9,27.0,27.0,27.0,2863236,7731887930000.0,3467.0,1282531,0.4479
2017-11-27,NHPC,EQ,27.0,26.9,27.25,26.85,27.05,27.0,27.02,4119232,11131489720000.0,5332.0,1902652,0.4619
2017-11-28,NHPC,EQ,27.0,26.95,28.05,26.25,28.0,27.95,27.45,24234713,66514659540000.0,24641.0,11921917,0.4919
2017-11-29,NHPC,EQ,27.95,28.1,28.15,27.6,28.05,28.0,27.9,10427511,29092671985000.004,13616.0,5157375,0.49460000000000004
2017-11-30,NHPC,EQ,28.0,28.0,28.7,27.75,28.45,28.35,28.32,20236065,57317760085000.0,17635.0,10493901,0.5186
2017-12-01,NHPC,EQ,28.35,28.35,28.65,27.9,28.0,27.95,28.18,3657189,10304487215000.0,9310.0,1358029,0.3713
2017-12-04,NHPC,EQ,27.95,28.1,28.55,28.0,28.4,28.4,28.29,4646137,13144771705000.0,13789.0,2381939,0.5127
2017-12-05,NHPC,EQ,28.4,28.3,28.4,28.0,28.05,28.15,28.11,2835022,7969518284999.999,4799.0,819171,0.2889
2017-12-06,NHPC,EQ,28.15,28.05,28.55,28.0,28.0,28.0,28.09,5722009,16073356760000.0,5553.0,3428775,0.5992000000000001
2017-12-07,NHPC,EQ,28.0,28.05,28.25,28.0,28.2,28.15,28.13,3367858,9474567250000.0,6754.0,1185210,0.3519
2017-12-08,NHPC,EQ,28.15,28.3,28.4,28.2,28.3,28.3,28.3,3008059,8511372830000.0,6260.0,1349655,0.4487
2017-12-11,NHPC,EQ,28.3,28.3,29.05,28.3,29.0,29.0,28.7,7299039,20948304735000.0,22777.0,3029069,0.41500000000000004
2017-12-12,NHPC,EQ,29.0,29.0,29.1,28.55,28.7,28.7,28.72,5272770,15141947805000.002,11317.0,2498232,0.47380000000000005
2017-12-13,NHPC,EQ,28.7,28.8,28.9,28.45,28.65,28.7,28.69,7821090,22440831370000.0,13900.0,4412284,0.5642
2017-12-14,NHPC,EQ,28.7,28.75,28.85,28.4,28.7,28.75,28.58,4279661,12231421910000.0,11371.0,1938046,0.4529
2017-12-15,NHPC,EQ,28.75,29.0,29.0,28.25,28.25,28.45,28.57,4653369,13294795425000.0,13747.0,2552311,0.5485
2017-12-18,NHPC,EQ,28.45,28.45,28.65,27.7,28.2,28.2,28.26,5099185,14410818185000.0,18344.0,1843689,0.3616
2017-12-19,NHPC,EQ,28.2,28.3,28.5,28.05,28.4,28.3,28.26,5058000,14294389340000.0,7974.0,2253263,0.4455
2017-12-20,NHPC,EQ,28.3,28.3,28.45,28.2,28.25,28.35,28.3,2874614,8135543925000.0,4765.0,1231694,0.42850000000000005
2017-12-21,NHPC,EQ,28.35,28.3,30.05,28.2,29.8,29.5,29.22,14274070,41704473005000.0,19364.0,5618429,0.3936
2017-12-22,NHPC,EQ,29.5,29.9,31.15,29.75,30.25,30.35,30.41,21394170,65055719215000.0,33673.0,6336972,0.2962
2017-12-26,NHPC,EQ,30.35,30.75,32.15,30.75,31.7,31.7,31.48,20143214,63404443579999.99,28893.0,6046940,0.3002
2017-12-27,NHPC,EQ,31.7,31.95,32.3,31.3,31.6,31.6,31.92,16178555,51642069740000.0,23370.0,5987894,0.3701
2017-12-28,NHPC,EQ,31.6,31.8,32.6,31.55,32.0,31.8,31.94,28852647,92164967505000.0,24303.0,14171006,0.49119999999999997
2017-12-29,NHPC,EQ,31.8,32.3,33.3,32.15,32.75,32.65,32.72,19774878,64706068015000.0,21337.0,6663027,0.3369
2018-01-01,NHPC,EQ,32.65,33.0,33.3,32.0,32.3,32.2,32.69,9844325,32184361795000.0,13407.0,3082593,0.3131
2018-01-02,NHPC,EQ,32.2,32.3,32.7,31.5,31.8,31.85,31.93,9058425,28922938239999.996,13178.0,2355203,0.26
2018-01-03,NHPC,EQ,31.85,31.85,32.95,31.85,32.8,32.7,32.47,12168282,39514640620000.0,25196.0,3620577,0.2975
2018-01-04,NHPC,EQ,32.7,33.85,34.5,33.15,33.85,33.75,33.93,30920925,104907638590000.0,41604.0,6436806,0.2082
2018-01-05,NHPC,EQ,33.75,34.0,34.05,33.3,33.55,33.55,33.64,8775202,29522233960000.004,12014.0,2835146,0.32310000000000005
2018-01-08,NHPC,EQ,33.55,33.6,33.8,33.0,33.15,33.15,33.32,7970259,26559620245000.0,17009.0,4105668,0.5151
2018-01-09,NHPC,EQ,33.15,33.15,33.3,32.5,32.95,32.8,32.9,7441045,24483281955000.0,16427.0,3762226,0.5056
2018-01-10,NHPC,EQ,32.8,32.8,32.85,32.1,32.5,32.45,32.42,7974940,25852335095000.0,18971.0,3883912,0.48700000000000004
2018-01-11,NHPC,EQ,32.45,32.4,32.75,32.15,32.35,32.25,32.37,6438509,20843743415000.0,16320.0,2820494,0.43810000000000004
2018-01-12,NHPC,EQ,32.25,32.3,32.5,31.55,31.75,31.7,31.92,6161516,19667844850000.0,13535.0,2272098,0.3688
2018-01-15,NHPC,EQ,31.7,31.75,32.1,31.5,31.55,31.6,31.79,6802384,21623429690000.0,16231.0,2526481,0.3714
2018-01-16,NHPC,EQ,31.6,31.55,31.7,29.9,30.3,30.3,30.6,9769565,29896989505000.0,30174.0,4018718,0.4114
2018-01-17,NHPC,EQ,30.3,30.4,30.95,29.65,30.85,30.85,30.4,7243705,22022774200000.0,12563.0,1828556,0.2524
2018-01-18,NHPC,EQ,30.85,30.95,31.0,29.2,29.45,29.45,29.97,10176555,30501427535000.004,18728.0,3212938,0.31570000000000004
2018-01-19,NHPC,EQ,29.45,29.6,30.0,29.3,29.8,29.85,29.69,5989066,17779293715000.0,9586.0,2037885,0.3403
2018-01-22,NHPC,EQ,29.85,29.8,30.3,29.65,30.05,30.05,30.0,5105065,15316337880000.002,15135.0,1748745,0.34259999999999996
2018-01-23,NHPC,EQ,30.05,30.15,30.55,30.0,30.4,30.45,30.35,6558630,19908516185000.0,9456.0,2511056,0.3829
2018-01-24,NHPC,EQ,30.45,30.4,30.5,29.85,29.95,30.05,30.11,8747358,26341960540000.0,24053.0,3504355,0.4006
2018-01-25,NHPC,EQ,30.05,30.05,30.1,29.55,29.65,29.7,29.72,45217746,134389658680000.0,21853.0,23319016,0.5157
2018-01-29,NHPC,EQ,29.7,29.65,29.95,29.5,29.95,29.85,29.77,4151765,12358386680000.0,8649.0,1755121,0.4227
2018-01-30,NHPC,EQ,29.85,29.7,30.1,29.45,29.95,29.9,29.71,5495757,16329708290000.0,12351.0,1966443,0.3578
2018-01-31,NHPC,EQ,29.9,29.8,30.0,29.35,29.5,29.45,29.57,5433820,16066073119999.998,19584.0,2478401,0.4561
2018-02-01,NHPC,EQ,29.45,29.25,29.8,29.0,29.05,29.15,29.39,7469641,21955823745000.0,12651.0,2237552,0.29960000000000003
2018-02-02,NHPC,EQ,29.15,28.7,28.8,27.55,27.95,27.85,28.11,8726582,24533704230000.0,14678.0,3519829,0.4033
2018-02-05,NHPC,EQ,27.85,27.55,28.4,27.15,28.15,28.05,27.85,8162704,22730090015000.0,19601.0,4404961,0.5396
2018-02-06,NHPC,EQ,28.05,27.45,28.2,26.9,28.05,28.05,27.63,8595360,23748189850000.0,11664.0,4103528,0.47740000000000005
2018-02-07,NHPC,EQ,28.05,28.4,28.6,28.1,28.5,28.5,28.34,4634779,13136870655000.0,10756.0,2337922,0.5044
2018-02-08,NHPC,EQ,28.5,28.55,28.95,28.3,28.9,28.7,28.6,4548550,13009773960000.0,10507.0,2409286,0.5297
2018-02-09,NHPC,EQ,28.7,28.05,28.95,28.05,28.6,28.7,28.63,5087255,14565579125000.0,6322.0,2367198,0.46530000000000005
2018-02-12,NHPC,EQ,28.7,28.9,29.65,28.85,29.4,29.5,29.37,6398230,18792814210000.0,12641.0,2606091,0.4073
2018-02-14,NHPC,EQ,29.5,29.8,29.8,28.55,28.65,28.65,29.04,7370928,21403593385000.0,10522.0,3128624,0.42450000000000004
2018-02-15,NHPC,EQ,28.65,28.75,28.95,28.5,28.7,28.65,28.67,4333135,12425259675000.0,6408.0,1791019,0.4133
2018-02-16,NHPC,EQ,28.65,28.7,28.75,28.2,28.35,28.3,28.41,5031555,14293343915000.0,5978.0,2277946,0.45270000000000005
2018-02-19,NHPC,EQ,28.3,28.35,28.55,28.0,28.25,28.3,28.25,4428855,12513150490000.0,4388.0,2113855,0.4773
2018-02-20,NHPC,EQ,28.3,27.05,27.6,26.9,27.35,27.35,27.3,6223105,16989831590000.0,8639.0,2030975,0.3264
2018-02-21,NHPC,EQ,27.35,27.45,27.5,27.05,27.3,27.25,27.21,4171371,11348641875000.0,5414.0,1757017,0.42119999999999996
2018-02-22,NHPC,EQ,27.25,27.25,27.35,26.35,26.45,26.6,26.77,11303305,30257041289999.996,9671.0,6432124,0.569
2018-02-23,NHPC,EQ,26.6,26.65,27.75,26.55,27.55,27.6,27.2,7747226,21073287630000.0,9533.0,4252525,0.5489
2018-02-26,NHPC,EQ,27.6,27.65,28.0,27.5,27.95,27.95,27.78,5202168,14449747469999.998,8038.0,2409961,0.4633
2018-02-27,NHPC,EQ,27.95,27.95,28.05,27.6,27.8,27.7,27.74,3536611,9809611405000.0,5674.0,1767332,0.4997
2018-02-28,NHPC,EQ,27.7,27.5,27.8,26.9,27.5,27.3,27.42,16927917,46421121480000.0,15376.0,8860517,0.5234000000000001
2018-03-01,NHPC,EQ,27.3,27.5,27.9,27.25,27.8,27.8,27.69,6651917,18416166825000.0,10050.0,3881562,0.5835
2018-03-05,NHPC,EQ,27.8,27.75,27.85,27.4,27.85,27.75,27.66,7931781,21940397900000.0,9531.0,4326881,0.5455
2018-03-06,NHPC,EQ,27.75,27.85,27.95,27.6,27.8,27.7,27.77,6039018,16770479969999.998,6109.0,3356495,0.5558
2018-03-07,NHPC,EQ,27.7,27.55,27.65,26.45,26.8,26.6,26.89,8031146,21596604795000.0,12551.0,3844306,0.47869999999999996
2018-03-08,NHPC,EQ,26.6,26.7,26.85,26.45,26.65,26.7,26.61,5713340,15203783305000.002,7552.0,2383496,0.4172
2018-03-09,NHPC,EQ,26.7,26.8,27.2,26.65,26.85,26.85,26.92,5791671,15592111885000.0,11336.0,3106581,0.5364
2018-03-12,NHPC,EQ,26.85,27.0,27.1,26.4,26.8,26.65,26.64,5347073,14243644035000.0,6564.0,2715779,0.5079
2018-03-13,NHPC,EQ,26.65,26.6,27.15,26.55,26.95,27.0,26.93,4271473,11503594335000.0,6566.0,1728057,0.4046
2018-03-14,NHPC,EQ,27.0,26.5,26.9,26.5,26.8,26.8,26.74,3989545,10666072865000.0,9508.0,1752768,0.4393
2018-03-15,NHPC,EQ,26.8,26.85,27.35,26.75,26.85,26.8,26.87,9506792,25548722055000.0,6073.0,6823741,0.7178
2018-03-16,NHPC,EQ,26.8,26.8,27.0,26.35,26.5,26.6,26.66,12360523,32952339920000.0,14642.0,7626482,0.617
2018-03-19,NHPC,EQ,26.6,26.6,26.6,26.1,26.5,26.45,26.31,6115902,16091309650000.0,10000.0,3035707,0.4964
2018-03-20,NHPC,EQ,26.45,26.45,26.65,26.25,26.4,26.35,26.43,3648398,9643971835000.0,5295.0,1409604,0.3864
2018-03-21,NHPC,EQ,26.35,26.4,26.95,26.3,26.4,26.4,26.57,5611048,14909303650000.0,9727.0,2018930,0.35979999999999995
2018-03-22,NHPC,EQ,26.4,26.5,26.5,26.15,26.25,26.2,26.33,2374808,6253265970000.0,6198.0,1036865,0.4366
2018-03-23,NHPC,EQ,26.2,26.0,26.7,25.5,26.45,26.55,26.19,6076918,15915164235000.0,11310.0,2873740,0.4729
2018-03-26,NHPC,EQ,26.55,26.6,27.05,26.15,27.05,26.95,26.74,8277210,22129570295000.0,14180.0,3576984,0.43210000000000004
2018-03-27,NHPC,EQ,26.95,27.1,27.7,26.6,27.6,27.55,27.31,10866198,29671358205000.0,16012.0,5365921,0.4938
2018-03-28,NHPC,EQ,27.55,27.5,28.2,27.2,27.6,27.7,27.67,29078484,80473571895000.0,20121.0,12880364,0.443
2018-04-02,NHPC,EQ,27.7,27.8,28.0,27.4,27.9,27.95,27.73,3550474,9846827530000.0,4682.0,1125182,0.3169
2018-04-03,NHPC,EQ,27.95,27.85,29.35,27.75,29.05,29.05,28.74,7959679,22879288830000.0,8548.0,3416085,0.4292
2018-04-04,NHPC,EQ,29.05,29.05,29.4,28.45,28.45,28.55,28.85,8094785,23352980555000.0,9106.0,3060712,0.37810000000000005
2018-04-05,NHPC,EQ,28.55,28.7,29.1,28.35,28.95,28.75,28.68,4631436,13283134350000.0,4682.0,1765977,0.38130000000000003
2018-04-06,NHPC,EQ,28.75,29.0,29.0,28.35,28.5,28.55,28.5,3424377,9760177790000.0,5589.0,1363737,0.3982
2018-04-09,NHPC,EQ,28.55,28.55,28.8,28.5,28.65,28.7,28.65,2130247,6102802160000.0,6881.0,1199675,0.5632
2018-04-10,NHPC,EQ,28.7,28.8,28.8,28.3,28.5,28.6,28.56,5814065,16607836450000.0,10158.0,2534341,0.43590000000000007
2018-04-11,NHPC,EQ,28.6,28.6,28.7,28.1,28.15,28.2,28.25,4134571,11682058780000.0,7361.0,2131132,0.5154
2018-04-12,NHPC,EQ,28.2,28.3,28.3,27.65,27.7,27.7,27.83,5624878,15656846230000.002,11046.0,3027260,0.5382
2018-04-13,NHPC,EQ,27.7,27.7,27.75,27.25,27.45,27.45,27.45,4057649,11139758270000.0,8247.0,1578823,0.3891
2018-04-16,NHPC,EQ,27.45,27.4,27.5,27.15,27.45,27.4,27.33,3661855,10008700640000.0,4819.0,1625095,0.44380000000000003
2018-04-17,NHPC,EQ,27.4,27.6,27.75,27.35,27.4,27.4,27.54,3895755,10729797905000.0,7812.0,1593995,0.4092
2018-04-18,NHPC,EQ,27.4,27.85,27.85,27.15,27.3,27.3,27.34,4120099,11265287150000.0,6855.0,1675508,0.4067
2018-04-19,NHPC,EQ,27.3,27.35,28.15,27.1,28.1,28.0,27.65,6264790,17321780515000.0,12685.0,2319775,0.3703
2018-04-20,NHPC,EQ,28.0,28.05,28.25,27.8,28.0,28.1,28.05,6302003,17676038840000.0,6819.0,2660971,0.4222
2018-04-23,NHPC,EQ,28.1,28.1,28.5,27.85,28.2,28.15,28.17,4794847,13508598160000.0,6716.0,1984423,0.4139
2018-04-24,NHPC,EQ,28.15,28.15,28.3,27.4,27.55,27.5,27.77,3121823,8670695745000.0,5346.0,1019634,0.32659999999999995
2018-04-25,NHPC,EQ,27.5,27.45,27.7,27.15,27.5,27.5,27.4,2839103,7778470845000.0,4145.0,996573,0.35100000000000003
2018-04-26,NHPC,EQ,27.5,27.4,27.95,27.15,27.85,27.6,27.58,16750736,46205364905000.0,10716.0,9801971,0.5852
2018-04-27,NHPC,EQ,27.6,27.9,28.6,27.85,28.1,28.2,28.24,7675153,21671938970000.0,17476.0,2864480,0.37320000000000003
2018-04-30,NHPC,EQ,28.2,28.2,28.7,28.15,28.55,28.45,28.46,5922196,16854892025000.0,11119.0,3181164,0.5372
2018-05-02,NHPC,EQ,28.45,28.35,28.75,28.0,28.15,28.2,28.37,4250760,12060865300000.0,6917.0,2006950,0.4721
2018-05-03,NHPC,EQ,28.2,28.0,28.3,27.8,28.2,28.2,28.08,2672372,7503036834999.999,4496.0,1156028,0.4326
2018-05-04,NHPC,EQ,28.2,28.2,28.4,27.7,27.8,27.85,27.97,1490408,4169105170000.0005,2455.0,603867,0.40520000000000006
2018-05-07,NHPC,EQ,27.85,27.9,28.0,27.8,27.85,27.9,27.9,1367028,3813690690000.0,1762.0,548890,0.40149999999999997
2018-05-08,NHPC,EQ,27.9,27.95,28.45,27.9,28.15,28.15,28.18,2607504,7349209015000.001,5373.0,787912,0.30219999999999997
2018-05-09,NHPC,EQ,28.15,28.25,28.45,28.1,28.35,28.35,28.29,2945095,8331595670000.0,4455.0,1088403,0.36960000000000004
2018-05-10,NHPC,EQ,28.35,28.35,28.4,27.8,27.85,27.85,27.98,4557399,12750140355000.0,5877.0,1913629,0.41990000000000005
2018-05-11,NHPC,EQ,27.85,27.85,28.2,27.5,27.55,27.6,27.88,5415588,15098979925000.0,4659.0,3485316,0.6436000000000001
2018-05-14,NHPC,EQ,27.6,27.6,27.6,27.05,27.35,27.3,27.29,5068510,13829603110000.0,17465.0,1850045,0.365
2018-05-15,NHPC,EQ,27.3,27.3,27.5,26.6,26.75,26.7,27.06,4749007,12853004880000.0,8939.0,1888028,0.3976
2018-05-16,NHPC,EQ,26.7,26.7,26.7,26.05,26.35,26.4,26.38,4928840,13000534930000.0,13601.0,2070436,0.4201
2018-05-17,NHPC,EQ,26.4,26.4,26.6,26.2,26.5,26.45,26.4,2674835,7062246145000.0,6214.0,1144837,0.428
2018-05-18,NHPC,EQ,26.45,26.55,27.1,25.85,26.2,26.1,26.47,8120428,21498527335000.0,8182.0,4123253,0.5078
2018-05-21,NHPC,EQ,26.1,26.2,26.6,25.95,26.1,26.1,26.25,4461091,11711011245000.0,4483.0,2405705,0.5393
2018-05-22,NHPC,EQ,26.1,26.1,26.6,26.1,26.5,26.55,26.43,3669767,9698382920000.0,4433.0,1969553,0.5367000000000001
2018-05-23,NHPC,EQ,26.55,26.5,27.25,26.3,27.05,27.05,26.99,7955395,21473396200000.0,6351.0,4337387,0.5452
2018-05-24,NHPC,EQ,27.05,27.1,27.25,26.5,26.55,26.6,26.76,6445048,17248227894999.998,6635.0,1186788,0.1841
2018-05-25,NHPC,EQ,26.6,26.6,27.4,26.4,26.95,27.05,26.98,5446933,14695185944999.998,7655.0,1466484,0.26920000000000005
2018-05-28,NHPC,EQ,27.05,27.15,27.25,26.9,26.9,27.0,27.04,4620111,12492437460000.0,8436.0,1431327,0.3098
2018-05-29,NHPC,EQ,27.0,27.1,27.55,26.45,26.65,26.7,26.97,7755998,20914514105000.0,12009.0,2045214,0.2637
2018-05-30,NHPC,EQ,26.7,26.5,26.8,26.4,26.65,26.6,26.56,3559171,9452519030000.0,3879.0,1656320,0.4654
2018-05-31,NHPC,EQ,26.6,26.6,26.75,26.3,26.6,26.5,26.49,5556220,14718791740000.0,11087.0,2523516,0.45420000000000005
2018-06-01,NHPC,EQ,26.5,26.5,26.8,26.15,26.75,26.7,26.53,3124753,8288684095000.0,5090.0,1243204,0.3979
2018-06-04,NHPC,EQ,26.7,26.85,26.9,26.05,26.25,26.15,26.33,3748353,9870155015000.0,5381.0,2054720,0.5482
2018-06-05,NHPC,EQ,26.15,26.25,26.6,25.65,26.3,26.2,25.92,8009200,20759269155000.0,8490.0,3275848,0.409
2018-06-06,NHPC,EQ,26.2,26.3,26.65,26.05,26.5,26.55,26.39,2755001,7269350430000.0,5262.0,1142435,0.4147
2018-06-07,NHPC,EQ,26.55,26.5,26.9,26.4,26.85,26.55,26.6,2706292,7198859040000.001,5850.0,1188264,0.4391
2018-06-08,NHPC,EQ,26.55,26.65,26.8,26.3,26.5,26.55,26.56,4203003,11161909320000.0,5788.0,2038118,0.48490000000000005
2018-06-11,NHPC,EQ,26.55,26.55,27.1,26.45,26.6,26.6,26.72,8761693,23414440110000.0,7231.0,3456071,0.3945
2018-06-12,NHPC,EQ,26.6,26.6,26.9,26.4,26.85,26.75,26.7,6796531,18145876395000.0,6288.0,3172412,0.4668
2018-06-13,NHPC,EQ,26.75,26.8,27.05,26.25,26.25,26.35,26.61,4511038,12005307355000.0,6734.0,1643496,0.3643
2018-06-14,NHPC,EQ,26.35,26.35,26.45,25.95,25.95,26.0,26.11,5162065,13478522400000.0,6926.0,2346958,0.4547
2018-06-15,NHPC,EQ,26.0,26.1,26.1,25.65,25.8,25.75,25.8,5806490,14978247160000.0,11371.0,2714658,0.4675
2018-06-18,NHPC,EQ,25.75,25.8,25.85,25.5,25.5,25.6,25.61,2569123,6579614810000.0,4357.0,992818,0.3864
2018-06-19,NHPC,EQ,25.6,25.55,25.55,25.1,25.4,25.3,25.26,4082154,10310503400000.0,6514.0,1536917,0.3765
2018-06-20,NHPC,EQ,25.3,25.35,25.5,25.05,25.2,25.25,25.18,5161525,12998256845000.0,9952.0,1926861,0.37329999999999997
2018-06-21,NHPC,EQ,25.25,25.25,25.45,24.9,24.95,25.0,25.07,3856661,9668362860000.0,10585.0,1485554,0.38520000000000004
2018-06-22,NHPC,EQ,25.0,25.0,25.05,24.75,24.85,24.95,24.92,3699963,9218825730000.0,9828.0,1469550,0.3972
2018-06-25,NHPC,EQ,24.95,24.9,25.1,24.5,24.6,24.6,24.69,4345897,10732160360000.0,5445.0,2247520,0.5172
2018-06-26,NHPC,EQ,24.6,24.7,24.95,24.5,24.9,24.7,24.66,7253425,17887565105000.0,11626.0,4228662,0.583
2018-06-27,NHPC,EQ,24.7,24.65,24.65,24.0,24.05,24.2,24.32,8940609,21742705940000.0,13905.0,5439879,0.6084
2018-06-28,NHPC,EQ,24.2,24.05,24.1,22.35,22.55,22.55,22.91,14447819,33095648205000.0,12882.0,8093158,0.5602
2018-06-29,NHPC,EQ,22.55,23.0,23.55,22.75,23.5,23.45,23.26,5078399,11812462050000.0,9367.0,2229202,0.439
2018-07-02,NHPC,EQ,23.45,23.4,23.5,22.6,22.8,22.85,22.82,11056709,25236443820000.0,11349.0,4527236,0.40950000000000003
2018-07-03,NHPC,EQ,22.85,22.95,23.0,22.6,22.85,22.8,22.78,5871780,13376852655000.0,7232.0,2635778,0.4489
2018-07-04,NHPC,EQ,22.8,22.8,23.25,22.6,23.2,22.95,22.76,4753762,10821475120000.0,8375.0,2140327,0.45020000000000004
2018-07-05,NHPC,EQ,22.95,23.1,23.65,22.9,23.05,23.05,23.13,5119716,11844430410000.0,6317.0,1793511,0.3503
2018-07-06,NHPC,EQ,23.05,23.1,23.5,23.0,23.4,23.35,23.25,4465338,10380716005000.0,7121.0,1854785,0.4154
2018-07-09,NHPC,EQ,23.35,23.4,24.2,23.4,24.1,24.05,23.96,8614178,20636744385000.0,10484.0,3904380,0.4533
2018-07-10,NHPC,EQ,24.05,24.1,24.4,23.85,24.25,24.3,24.17,5613364,13568431640000.0,12861.0,2293370,0.4086
2018-07-11,NHPC,EQ,24.3,24.15,24.2,23.85,24.15,24.15,24.08,4255381,10247428235000.0,5861.0,2056841,0.48340000000000005
2018-07-12,NHPC,EQ,24.15,24.15,24.4,23.9,24.0,24.0,24.13,4226577,10198261995000.0,7533.0,1795860,0.42490000000000006
2018-07-13,NHPC,EQ,24.0,24.0,24.1,23.55,23.85,23.85,23.87,4244450,10130353125000.0,6095.0,2147506,0.506
2018-07-16,NHPC,EQ,23.85,23.85,24.05,22.9,23.9,23.9,23.56,8713880,20525815680000.0,7676.0,4587154,0.5264
2018-07-17,NHPC,EQ,23.9,23.9,24.0,23.4,23.85,23.85,23.71,4843177,11482255225000.0,5604.0,2739484,0.5656
2018-07-18,NHPC,EQ,23.85,23.9,23.95,23.55,23.7,23.65,23.7,6106584,14474321490000.0,5978.0,3743762,0.6131000000000001
2018-07-19,NHPC,EQ,23.65,23.7,23.7,23.05,23.1,23.15,23.31,2276222,5305381365000.0,3033.0,787261,0.34590000000000004
2018-07-20,NHPC,EQ,23.15,23.1,23.4,22.85,23.2,23.25,23.19,3966801,9197291800000.0,4314.0,1782965,0.4495
2018-07-23,NHPC,EQ,23.25,23.0,23.35,23.0,23.25,23.25,23.22,3453191,8016993745000.0,4516.0,1657192,0.47990000000000005
2018-07-24,NHPC,EQ,23.25,23.25,25.5,23.2,24.05,24.1,24.45,13993650,34209468175000.0,18060.0,3515941,0.25129999999999997
2018-07-25,NHPC,EQ,24.1,24.25,24.9,23.95,24.6,24.55,24.53,6619912,16238676265000.0,11519.0,2028629,0.3064
2018-07-26,NHPC,EQ,24.55,24.55,24.75,24.1,24.35,24.25,24.3,7977071,19384033850000.0,11329.0,3772467,0.4729
2018-07-27,NHPC,EQ,24.25,24.35,24.45,23.95,24.05,24.1,24.17,2988447,7222095830000.0,4962.0,1242815,0.41590000000000005
2018-07-30,NHPC,EQ,24.1,24.1,24.3,23.75,24.0,24.05,23.97,5830242,13976995994999.998,9113.0,2794837,0.4794
2018-07-31,NHPC,EQ,24.05,24.05,24.05,23.6,23.75,23.75,23.77,6994455,16624889235000.0,6900.0,3470891,0.4962
2018-08-01,NHPC,EQ,23.75,23.85,23.85,23.2,23.55,23.55,23.53,4002484,9417949915000.0,5578.0,1873295,0.46799999999999997
2018-08-02,NHPC,EQ,23.55,23.5,24.05,23.4,24.0,23.9,23.77,2623816,6236462505000.0,3384.0,1021668,0.38939999999999997
2018-08-03,NHPC,EQ,23.9,24.0,24.3,23.95,24.2,24.15,24.1,2107031,5078168675000.0,3180.0,942152,0.4471
2018-08-06,NHPC,EQ,24.15,24.2,24.3,24.1,24.15,24.2,24.2,1839490,4451058880000.0,2297.0,873042,0.4746
2018-08-07,NHPC,EQ,24.2,24.1,24.75,24.1,24.65,24.55,24.41,3184838,7775384684999.999,3787.0,1764330,0.554
2018-08-08,NHPC,EQ,24.55,24.5,24.8,24.45,24.6,24.6,24.59,2620108,6442412715000.0,5378.0,1244864,0.47509999999999997
2018-08-09,NHPC,EQ,24.6,24.4,24.85,24.35,24.45,24.5,24.57,1785661,4386880904999.9995,2858.0,1114146,0.6239
2018-08-10,NHPC,EQ,24.5,24.35,25.2,24.35,24.9,24.95,24.93,5717799,14254436694999.998,13683.0,2838612,0.4965
2018-08-13,NHPC,EQ,24.95,24.8,25.0,24.05,24.95,24.85,24.76,7603737,18829546240000.0,7307.0,2523446,0.3319
2018-08-14,NHPC,EQ,24.85,24.7,25.25,24.5,25.25,25.0,24.9,2877018,7165168290000.001,12546.0,1470034,0.511
2018-08-16,NHPC,EQ,25.0,24.95,25.2,24.75,24.9,24.85,24.99,3153366,7880780930000.0,11903.0,1825228,0.5788000000000001
2018-08-17,NHPC,EQ,24.85,25.0,25.7,24.9,25.65,25.45,25.21,3934424,9916988405000.0,12096.0,1728727,0.4394
2018-08-20,NHPC,EQ,25.45,25.6,26.1,25.5,25.8,25.8,25.83,5805133,14993452519999.998,7590.0,2351311,0.405
2018-08-21,NHPC,EQ,25.8,25.9,26.1,25.6,25.7,25.75,25.81,2758676,7121486700000.0,3765.0,1269012,0.46
2018-08-23,NHPC,EQ,25.75,25.7,26.0,25.4,25.9,25.8,25.68,3002896,7711251495000.0,5923.0,1414862,0.4712
2018-08-24,NHPC,EQ,25.8,25.8,25.9,25.25,25.35,25.4,25.58,1593709,4077403670000.0005,3776.0,857761,0.5382
2018-08-27,NHPC,EQ,25.4,25.4,25.6,25.25,25.45,25.3,25.37,1541072,3909070879999.9995,2659.0,926638,0.6013000000000001
2018-08-28,NHPC,EQ,25.3,25.25,25.5,25.1,25.15,25.15,25.3,1621385,4101557260000.0,3495.0,706704,0.43590000000000007
2018-08-29,NHPC,EQ,25.15,25.15,25.35,25.05,25.3,25.2,25.25,1992491,5030067065000.0,3327.0,857679,0.4305
2018-08-30,NHPC,EQ,25.2,25.3,25.3,24.85,25.0,24.95,25.05,5599545,14024502719999.998,9525.0,3692914,0.6595000000000001
2018-08-31,NHPC,EQ,24.95,25.0,25.45,25.0,25.4,25.35,25.24,2893779,7304992330000.0,7218.0,1597156,0.5519
2018-09-03,NHPC,EQ,25.35,25.35,25.8,25.2,25.5,25.5,25.53,1957510,4998466100000.0,2845.0,841393,0.42979999999999996
2018-09-04,NHPC,EQ,25.5,25.75,25.75,25.0,25.0,25.1,25.27,2920106,7380256475000.0,3858.0,1250295,0.4282
2018-09-05,NHPC,EQ,25.1,24.9,25.15,24.55,25.05,25.0,24.81,3137652,7785921775000.0,5053.0,1287516,0.4103
2018-09-06,NHPC,EQ,25.0,25.0,25.5,24.9,25.3,25.4,25.22,2270387,5726560590000.0,2616.0,973923,0.429
2018-09-07,NHPC,EQ,25.4,25.45,27.2,25.3,26.0,25.95,26.21,6216392,16293949735000.0,8119.0,1452371,0.2336
2018-09-10,NHPC,EQ,25.95,26.0,26.0,25.05,25.2,25.15,25.39,3926543,9970764060000.0,4296.0,1718773,0.43770000000000003
2018-09-11,NHPC,EQ,25.15,25.3,25.4,24.85,24.95,24.9,25.13,1669743,4196395310000.0,2664.0,628467,0.3764
2018-09-12,NHPC,EQ,24.9,24.7,24.9,24.5,24.75,24.7,24.67,1474116,3636209310000.0,2140.0,545080,0.36979999999999996
2018-09-14,NHPC,EQ,24.7,24.75,25.05,24.6,24.9,24.85,24.81,3297508,8181888780000.0,4932.0,1255657,0.38079999999999997
2018-09-17,NHPC,EQ,24.85,24.85,24.85,24.55,24.55,24.6,24.68,1377740,3400421929999.9995,3054.0,688455,0.4997
2018-09-18,NHPC,EQ,24.6,24.6,24.8,24.25,24.3,24.3,24.43,1995840,4876547625000.0,3504.0,913012,0.4575
2018-09-19,NHPC,EQ,24.3,24.3,24.4,23.9,24.2,24.15,24.1,3318511,7997317130000.0,6283.0,2235004,0.6735
2018-09-21,NHPC,EQ,24.15,24.25,24.5,22.9,23.8,23.75,23.74,7241424,17189665994999.998,9338.0,4086868,0.5644
2018-09-24,NHPC,EQ,23.75,23.75,23.95,23.15,23.25,23.25,23.46,2663961,6248704390000.0,9513.0,1110328,0.4168
2018-09-25,NHPC,EQ,23.25,23.25,23.6,22.95,23.45,23.55,23.32,2206745,5146527150000.0,8312.0,845861,0.3833
2018-09-26,NHPC,EQ,23.55,23.5,23.6,23.3,23.5,23.45,23.45,1930273,4527173580000.0,2945.0,866750,0.449
2018-09-27,NHPC,EQ,23.45,23.4,23.55,22.8,22.9,22.9,23.08,2758395,6367212900000.0,6160.0,1151345,0.41740000000000005
2018-09-28,NHPC,EQ,22.9,23.1,23.15,22.25,22.7,22.6,22.53,6075801,13685793930000.002,7648.0,2831532,0.466
2018-10-01,NHPC,EQ,22.6,22.7,23.15,22.4,23.05,23.05,22.78,2947772,6714196355000.0,4378.0,1516667,0.5145000000000001
2018-10-03,NHPC,EQ,23.05,23.0,23.35,22.8,23.0,23.0,23.04,2763357,6365814110000.0,6325.0,991945,0.359
2018-10-04,NHPC,EQ,23.0,22.65,24.15,22.65,23.8,24.0,23.67,9695134,22948378295000.0,9230.0,3198623,0.3299
2018-10-05,NHPC,EQ,24.0,23.85,23.85,23.05,23.2,23.2,23.27,5142104,11967477215000.0,19587.0,3082673,0.5995
2018-10-08,NHPC,EQ,23.2,23.1,23.35,22.3,22.6,22.5,22.61,3187425,7207677395000.0,5196.0,1654316,0.519
2018-10-09,NHPC,EQ,22.5,22.6,22.75,22.1,22.65,22.6,22.49,4150490,9334020840000.0,6300.0,1802808,0.4344
2018-10-10,NHPC,EQ,22.6,22.7,23.95,22.65,23.8,23.7,23.48,4268084,10021956305000.0,8849.0,1125790,0.2638
2018-10-11,NHPC,EQ,23.7,23.25,23.95,23.0,23.6,23.55,23.5,2454483,5767770820000.0,4990.0,804308,0.32770000000000005
2018-10-12,NHPC,EQ,23.55,23.75,24.15,23.65,23.75,23.8,23.87,1922651,4589636575000.0,2903.0,547191,0.2846
2018-10-15,NHPC,EQ,23.8,23.8,24.0,23.4,23.6,23.6,23.66,2659040,6289973715000.0,2367.0,1474320,0.5545
2018-10-16,NHPC,EQ,23.6,23.6,24.25,23.55,24.0,24.05,23.97,2123473,5090372060000.0,3135.0,993344,0.4678
2018-10-17,NHPC,EQ,24.05,24.1,24.45,23.6,23.75,23.7,24.01,2420256,5810335445000.0,3539.0,825357,0.341
2018-10-19,NHPC,EQ,23.7,23.7,24.6,23.6,24.3,24.4,24.12,4955763,11951049800000.0,6942.0,2966368,0.5986
2018-10-22,NHPC,EQ,24.4,24.4,24.55,23.9,24.0,24.0,24.07,1966078,4731744820000.0,3406.0,864687,0.43979999999999997
2018-10-23,NHPC,EQ,24.0,23.8,24.3,23.8,24.25,24.0,23.98,3732655,8950706635000.0,3528.0,2093797,0.5609000000000001
2018-10-24,NHPC,EQ,24.0,24.1,24.25,23.9,24.05,24.0,24.02,1668985,4009253970000.0005,4394.0,852824,0.511
2018-10-25,NHPC,EQ,24.0,23.85,24.45,23.6,24.4,24.3,24.17,2816780,6808882690000.001,10026.0,864287,0.3068
2018-10-26,NHPC,EQ,24.3,24.1,24.4,23.75,24.4,24.25,24.05,2038888,4904410330000.0,4481.0,862447,0.423
2018-10-29,NHPC,EQ,24.25,24.25,24.55,24.05,24.3,24.35,24.29,1220253,2963546950000.0,2754.0,495954,0.40640000000000004
2018-10-30,NHPC,EQ,24.35,24.35,24.5,23.95,24.05,24.05,24.13,2030263,4899719585000.0,4169.0,1076908,0.5304
2018-10-31,NHPC,EQ,24.05,24.0,24.55,23.8,24.55,24.35,24.12,2337541,5637634300000.0,4027.0,1127057,0.4822
2018-11-01,NHPC,EQ,24.35,24.35,24.65,24.2,24.65,24.5,24.42,1383817,3378655979999.9995,3726.0,641242,0.46340000000000003
2018-11-02,NHPC,EQ,24.5,24.65,24.7,24.3,24.45,24.35,24.5,1471062,3603670870000.0005,3458.0,602326,0.4094
2018-11-05,NHPC,EQ,24.35,24.3,24.6,24.25,24.6,24.5,24.43,1149595,2808308400000.0,2708.0,580719,0.5052000000000001
2018-11-06,NHPC,EQ,24.5,24.4,24.9,24.4,24.75,24.65,24.71,1356574,3351466815000.0,2767.0,483452,0.3564
2018-11-07,NHPC,EQ,24.65,24.75,25.0,24.75,24.95,24.95,24.9,526116,1309800135000.0,1277.0,309285,0.5879
2018-11-09,NHPC,EQ,24.95,25.0,26.9,24.85,26.85,26.45,26.06,12295682,32047774625000.0,21695.0,4123729,0.3354
2018-11-12,NHPC,EQ,26.45,26.95,27.3,26.6,26.7,26.7,26.89,6914253,18594357850000.0,12142.0,3265914,0.4723
2018-11-13,NHPC,EQ,26.7,26.6,27.15,26.45,27.1,26.95,26.77,4262467,11409404060000.0,7161.0,2263094,0.5309
2018-11-14,NHPC,EQ,26.95,27.2,27.5,26.85,27.05,27.1,27.16,9572420,25999504415000.0,10927.0,3559180,0.3718
2018-11-15,NHPC,EQ,27.1,26.1,26.45,25.85,26.0,26.0,26.03,8317567,21650870470000.0,11294.0,4248634,0.5108
2018-11-16,NHPC,EQ,26.0,26.1,26.35,26.0,26.25,26.25,26.13,3727531,9740004105000.0,8001.0,1727745,0.4635
2018-11-19,NHPC,EQ,26.25,26.15,26.4,26.0,26.25,26.1,26.16,4428276,11582338215000.0,4249.0,3017720,0.6815000000000001
2018-11-20,NHPC,EQ,26.1,26.1,26.25,26.0,26.1,26.0,26.05,3056614,7963428530000.0,3884.0,2143830,0.7014
2018-11-21,NHPC,EQ,26.0,26.0,26.2,25.7,26.05,25.8,25.88,9977167,25820906530000.0,13739.0,6501888,0.6517000000000001
2018-11-22,NHPC,EQ,25.8,26.0,26.15,25.7,26.1,26.05,25.95,8264701,21449556165000.0,6182.0,4363700,0.528
2018-11-26,NHPC,EQ,26.05,26.1,26.2,25.9,26.0,26.0,26.0,6156125,16008276755000.002,3670.0,4625983,0.7514000000000001
2018-11-27,NHPC,EQ,26.0,26.1,26.25,25.95,26.0,26.05,26.04,9608197,25016856555000.0,4279.0,6547238,0.6814
2018-11-28,NHPC,EQ,26.05,26.0,26.1,25.8,26.0,26.0,25.99,13272587,34497828570000.0,6647.0,9366729,0.7057
2018-11-29,NHPC,EQ,26.0,25.65,26.3,25.6,26.2,26.0,26.0,14060674,36558118955000.0,6797.0,7697622,0.5475
2018-11-30,NHPC,EQ,26.0,26.05,26.15,25.6,26.0,25.95,25.8,9144744,23591524935000.0,6434.0,5502985,0.6018
2018-12-03,NHPC,EQ,25.95,25.95,26.7,25.75,26.35,26.4,26.24,3338817,8759464740000.001,4260.0,1704177,0.5104
2018-12-04,NHPC,EQ,26.4,26.3,26.55,26.2,26.35,26.4,26.45,4362673,11537423960000.0,3617.0,2728286,0.6254
2018-12-05,NHPC,EQ,26.4,26.35,26.35,26.05,26.15,26.1,26.14,1442355,3770677945000.0005,2841.0,613149,0.4251
2018-12-06,NHPC,EQ,26.1,26.0,26.5,25.8,26.45,26.4,26.13,11066932,28916271864999.996,8028.0,4096243,0.3701
2018-12-07,NHPC,EQ,26.4,26.8,26.8,26.0,26.15,26.1,26.25,4452330,11685481140000.0,6959.0,1471782,0.3306
2018-12-10,NHPC,EQ,26.1,25.75,26.25,25.75,26.1,26.15,26.07,3240702,8449893170000.0,4131.0,1446271,0.44630000000000003
2018-12-11,NHPC,EQ,26.15,25.9,26.3,25.9,26.15,26.1,26.12,2703659,7062928145000.0,2309.0,949742,0.35130000000000006
2018-12-12,NHPC,EQ,26.1,26.05,26.3,26.05,26.15,26.1,26.13,2084957,5448983960000.0,3073.0,1057808,0.5074000000000001
2018-12-13,NHPC,EQ,26.1,26.15,26.3,26.05,26.2,26.15,26.17,3624745,9485209370000.0,2717.0,2038595,0.5624
2018-12-14,NHPC,EQ,26.15,26.15,26.25,26.05,26.2,26.25,26.17,3816128,9986616490000.0,2232.0,2137376,0.5601
2018-12-17,NHPC,EQ,26.25,26.15,26.25,26.05,26.2,26.1,26.14,3173944,8295408695000.0,1816.0,1288096,0.4058
2018-12-18,NHPC,EQ,26.1,26.1,26.25,26.0,26.2,26.15,26.12,4059159,10601597425000.0,2493.0,2573751,0.6341
2018-12-19,NHPC,EQ,26.15,26.15,26.55,26.0,26.1,26.1,26.16,6321296,16536583455000.002,6020.0,3951839,0.6252000000000001
2018-12-20,NHPC,EQ,26.1,26.1,26.2,25.95,26.15,26.1,26.09,4890251,12758801425000.0,5266.0,2648816,0.5417000000000001
2018-12-21,NHPC,EQ,26.1,26.1,26.15,25.85,25.9,25.95,25.95,7530148,19541686650000.0,4750.0,4810988,0.6389
2018-12-24,NHPC,EQ,25.95,25.9,26.15,25.85,25.9,25.95,25.98,4820541,12524711825000.0,3306.0,2342594,0.48600000000000004
2018-12-26,NHPC,EQ,25.95,25.9,26.25,25.85,26.05,26.1,26.01,6231087,16209388830000.002,4078.0,4177913,0.6705
2018-12-27,NHPC,EQ,26.1,26.1,26.45,25.95,26.15,26.2,26.16,6153436,16094901090000.0,3914.0,3403609,0.5531
2018-12-28,NHPC,EQ,26.2,26.1,26.2,25.85,25.95,25.95,25.99,4253434,11054081305000.0,3000.0,2069805,0.4866
2018-12-31,NHPC,EQ,25.95,26.0,26.1,25.9,26.0,26.0,26.0,1357499,3529836515000.0,2220.0,428894,0.3159
2019-01-01,NHPC,EQ,26.0,26.1,26.1,25.9,26.0,25.95,25.98,1377350,3578324545000.0005,1250.0,782274,0.568
2019-01-02,NHPC,EQ,25.95,25.9,26.0,25.55,25.65,25.65,25.74,2384454,6137873655000.0,2548.0,1406088,0.5897
2019-01-03,NHPC,EQ,25.65,25.75,25.9,25.5,25.6,25.55,25.68,1754899,4506016530000.0,2328.0,961186,0.5477000000000001
2019-01-04,NHPC,EQ,25.55,25.5,25.7,25.3,25.6,25.55,25.41,2463177,6259337555000.0,4448.0,956400,0.3883
2019-01-07,NHPC,EQ,25.55,25.55,26.0,25.55,26.0,25.95,25.91,2658007,6887324884999.999,2870.0,1494594,0.5623
2019-01-08,NHPC,EQ,25.95,26.1,26.1,25.85,26.0,26.0,25.97,4473109,11615036340000.0,3154.0,2896596,0.6476000000000001
2019-01-09,NHPC,EQ,26.0,26.0,26.3,25.85,25.95,25.95,25.98,5760250,14966566485000.0,3748.0,3684091,0.6396000000000001
2019-01-10,NHPC,EQ,25.95,25.95,26.0,25.35,25.65,25.55,25.57,2782061,7114620425000.0,3768.0,1628083,0.5852
2019-01-11,NHPC,EQ,25.55,25.5,25.6,25.3,25.5,25.5,25.42,1127738,2866914610000.0,2175.0,463729,0.4112
2019-01-14,NHPC,EQ,25.5,25.5,25.6,25.3,25.4,25.4,25.44,2220326,5649006440000.0,3913.0,1863836,0.8394
2019-01-15,NHPC,EQ,25.4,25.4,25.8,25.35,25.8,25.55,25.53,888055,2267358655000.0,1229.0,436214,0.49119999999999997
2019-01-16,NHPC,EQ,25.55,25.7,26.15,25.45,25.8,25.85,25.91,3668208,9504558800000.0,6359.0,1356896,0.3699
2019-01-17,NHPC,EQ,25.85,25.7,26.1,25.3,25.55,25.55,25.67,1356978,3483103270000.0005,2305.0,459210,0.33840000000000003
2019-01-18,NHPC,EQ,25.55,25.5,25.7,25.1,25.25,25.15,25.32,1081187,2737664380000.0,2671.0,632779,0.5853
2019-01-21,NHPC,EQ,25.15,25.2,25.4,25.1,25.2,25.25,25.26,3803578,9607571305000.0,4424.0,2215066,0.5824
2019-01-22,NHPC,EQ,25.25,25.3,25.6,25.25,25.4,25.4,25.47,4473732,11394545465000.0,4984.0,2537494,0.5672
2019-01-23,NHPC,EQ,25.4,25.4,25.5,25.05,25.3,25.25,25.25,4516414,11402706115000.0,5008.0,2066084,0.4575
2019-01-24,NHPC,EQ,25.25,25.25,25.4,25.2,25.3,25.3,25.28,1370740,3464934160000.0,2341.0,635424,0.4636
2019-01-25,NHPC,EQ,25.3,25.4,25.4,24.9,25.1,25.0,25.14,2218123,5576326580000.0,4201.0,1123912,0.5067
2019-01-28,NHPC,EQ,25.0,25.0,25.1,24.5,24.55,24.55,24.71,1752146,4328846675000.0,2739.0,771406,0.4403
2019-01-29,NHPC,EQ,24.55,24.45,24.8,24.15,24.65,24.45,24.42,2252406,5500800330000.0,5785.0,931950,0.41380000000000006
2019-01-30,NHPC,EQ,24.45,24.65,24.7,24.05,24.5,24.5,24.4,2325256,5674401155000.0,3125.0,443833,0.19090000000000001
2019-01-31,NHPC,EQ,24.5,24.5,25.3,24.25,25.25,25.0,24.68,4748530,11720627625000.0,6656.0,1936565,0.4078
2019-02-01,NHPC,EQ,25.0,25.1,25.5,24.75,25.5,25.4,25.25,4206762,10621198295000.0,6769.0,2108820,0.5013000000000001
2019-02-04,NHPC,EQ,25.4,25.35,25.45,24.9,25.45,25.2,25.1,2799812,7027726280000.0,6330.0,1408318,0.503
2019-02-05,NHPC,EQ,25.2,25.2,25.5,23.15,23.95,23.8,24.52,5825861,14282263269999.998,11018.0,2793376,0.47950000000000004
2019-02-06,NHPC,EQ,23.8,23.95,25.2,23.65,24.45,24.2,23.98,3884160,9315230620000.0,8044.0,1801452,0.46380000000000005
2019-02-07,NHPC,EQ,24.2,24.4,24.7,24.05,24.1,24.15,24.34,2185973,5320377745000.0,4984.0,939531,0.42979999999999996
2019-02-08,NHPC,EQ,24.15,24.15,24.3,23.05,23.6,23.55,23.7,9227984,21872332935000.0,9894.0,5678813,0.6154000000000001
2019-02-11,NHPC,EQ,23.55,23.0,23.95,22.5,23.3,23.45,23.24,7533194,17503925660000.0,22602.0,2121416,0.2816
2019-02-12,NHPC,EQ,23.45,23.4,24.15,23.35,23.65,23.6,23.79,20483863,48735391150000.0,14676.0,17955145,0.8765999999999999
2019-02-13,NHPC,EQ,23.6,23.6,25.15,23.6,23.95,24.0,24.13,15647247,37760763995000.0,15209.0,7528000,0.4811
2019-02-14,NHPC,EQ,24.0,23.8,24.35,23.25,23.5,23.55,23.51,20133903,47325626805000.0,34665.0,8222559,0.40840000000000004
2019-02-15,NHPC,EQ,23.55,23.65,24.0,23.5,23.75,23.8,23.76,4656420,11064836735000.0,9537.0,1901793,0.40840000000000004
2019-02-18,NHPC,EQ,23.8,23.4,23.55,23.25,23.45,23.4,23.41,5353910,12532363225000.0,11956.0,3051299,0.5699000000000001
2019-02-19,NHPC,EQ,23.4,23.4,23.75,23.4,23.4,23.4,23.47,1564765,3672070760000.0,3446.0,738457,0.4719
2019-02-20,NHPC,EQ,23.4,23.55,23.8,23.4,23.6,23.6,23.56,2102686,4954295130000.0,4325.0,982387,0.4672
2019-02-21,NHPC,EQ,23.6,23.75,24.0,23.45,23.65,23.75,23.66,7958101,18825855065000.0,15043.0,3903591,0.4905
2019-02-22,NHPC,EQ,23.75,23.7,23.75,23.5,23.6,23.55,23.58,7671771,18089308375000.0,12498.0,4089600,0.5331
2019-02-25,NHPC,EQ,23.55,23.55,23.7,23.05,23.35,23.35,23.37,20725372,48427252895000.0,31880.0,10846357,0.5233
2019-02-26,NHPC,EQ,23.35,23.2,23.45,23.2,23.3,23.3,23.28,12590507,29316530970000.0,12577.0,6631519,0.5267000000000001
2019-02-27,NHPC,EQ,23.3,23.45,23.5,22.75,23.0,22.9,23.15,12403567,28709487300000.0,23412.0,5871401,0.47340000000000004
2019-02-28,NHPC,EQ,22.9,23.0,24.1,22.65,22.85,22.95,23.12,45287892,104727266435000.0,26982.0,22030051,0.4864
2019-03-01,NHPC,EQ,22.95,23.0,23.25,22.95,23.2,23.1,23.13,5686625,13152986435000.0,6425.0,2603482,0.45780000000000004
2019-03-05,NHPC,EQ,23.1,23.2,23.75,23.15,23.6,23.6,23.51,4902854,11527937205000.0,10862.0,2045177,0.4171
2019-03-06,NHPC,EQ,23.6,23.65,24.1,23.6,23.9,23.9,23.88,3924459,9373539225000.0,6690.0,1727054,0.4401
2019-03-07,NHPC,EQ,23.9,24.0,25.9,23.9,24.85,24.8,25.21,32646071,82300996520000.0,38533.0,6459425,0.1979
2019-03-08,NHPC,EQ,24.8,25.0,25.45,24.85,25.05,25.15,25.13,18459635,46386251340000.0,16288.0,8567638,0.46409999999999996
2019-03-11,NHPC,EQ,25.15,25.15,25.45,24.75,25.3,25.35,25.27,10768252,27216639864999.996,11642.0,5505180,0.5112
2019-03-12,NHPC,EQ,25.35,25.5,25.7,24.9,25.0,24.95,25.14,8614786,21655931480000.0,9078.0,4010285,0.46549999999999997
2019-03-13,NHPC,EQ,24.95,25.0,25.1,24.7,24.95,24.85,24.89,2597419,6463891625000.0,3181.0,1162702,0.4476
2019-03-14,NHPC,EQ,24.85,24.95,25.15,24.5,24.7,24.75,24.76,2987492,7396702265000.001,5221.0,552376,0.18489999999999998
2019-03-15,NHPC,EQ,24.75,25.05,25.3,24.8,25.25,25.15,25.12,9759475,24514360430000.0,11829.0,3919847,0.40159999999999996
2019-03-18,NHPC,EQ,25.15,25.4,25.5,25.15,25.45,25.4,25.34,3700456,9377018425000.0,6289.0,1046806,0.2829
2019-03-19,NHPC,EQ,25.4,25.2,25.65,25.2,25.4,25.4,25.44,2801443,7127455284999.999,4812.0,1223988,0.4369
2019-03-20,NHPC,EQ,25.4,25.3,25.4,24.9,24.9,25.0,25.03,12079506,30233299510000.004,12297.0,8445827,0.6992
2019-03-22,NHPC,EQ,25.0,24.95,25.05,24.45,24.65,24.6,24.74,8841677,21872202775000.0,13798.0,5475364,0.6193
2019-03-25,NHPC,EQ,24.6,24.5,24.85,24.35,24.45,24.4,24.53,5306810,13017791385000.0,8893.0,2451301,0.4619
2019-03-26,NHPC,EQ,24.4,24.45,25.1,24.45,24.85,24.8,24.83,2843245,7058689420000.0,4785.0,1094195,0.3848
2019-03-27,NHPC,EQ,24.8,24.8,25.0,24.6,24.7,24.65,24.8,3513982,8714843720000.0,5698.0,1573929,0.4479
2019-03-28,NHPC,EQ,24.65,24.6,24.85,24.55,24.65,24.6,24.66,4853031,11967277400000.0,4558.0,2907540,0.5991
2019-03-29,NHPC,EQ,24.6,24.6,24.9,24.6,24.75,24.7,24.76,7301685,18078423530000.0,7673.0,3092560,0.42350000000000004
2019-04-01,NHPC,EQ,24.7,24.7,25.25,24.7,25.2,25.05,25.03,6211447,15547915230000.002,6382.0,3374267,0.5432
2019-04-02,NHPC,EQ,25.05,25.2,25.6,25.1,25.55,25.5,25.36,10275199,26053750660000.0,7190.0,7401634,0.7203
2019-04-03,NHPC,EQ,25.5,25.6,25.65,24.4,24.55,24.6,24.86,4643382,11542728190000.0,6926.0,1928732,0.4154
2019-04-04,NHPC,EQ,24.6,24.6,24.7,24.3,24.45,24.5,24.5,2648447,6488311750000.0,4633.0,1122492,0.4238
2019-04-05,NHPC,EQ,24.5,24.55,24.55,24.15,24.4,24.3,24.34,2197846,5349678840000.0,3144.0,1108283,0.5043
2019-04-08,NHPC,EQ,24.3,24.3,24.5,24.25,24.4,24.4,24.39,1725881,4209237329999.9995,2282.0,746107,0.43229999999999996
2019-04-09,NHPC,EQ,24.4,24.4,24.5,24.15,24.15,24.2,24.25,2080397,5044036335000.0,2120.0,873471,0.41990000000000005
2019-04-10,NHPC,EQ,24.2,24.2,24.3,24.05,24.15,24.15,24.16,2931145,7081998795000.0,2080.0,1505164,0.5135000000000001
2019-04-11,NHPC,EQ,24.15,24.15,24.2,23.95,24.0,24.0,24.06,2139636,5148412080000.0,2412.0,794934,0.3715
2019-04-12,NHPC,EQ,24.0,23.95,24.2,23.9,24.05,24.0,24.02,2117671,5086237450000.0,3006.0,927803,0.43810000000000004
2019-04-15,NHPC,EQ,24.0,24.2,24.25,24.0,24.25,24.1,24.12,3409116,8221143205000.0,4242.0,1378253,0.4043
2019-04-16,NHPC,EQ,24.1,24.2,24.3,23.95,24.05,24.0,24.11,1640662,3956209120000.0005,2893.0,814516,0.4965
2019-04-18,NHPC,EQ,24.0,24.05,24.1,23.55,23.75,23.65,23.7,3781720,8964173230000.0,5430.0,1118869,0.2959
2019-04-22,NHPC,EQ,23.65,23.7,23.95,23.45,23.45,23.5,23.58,1830801,4316563720000.0005,4745.0,596330,0.3257
2019-04-23,NHPC,EQ,23.5,23.5,23.55,23.1,23.3,23.3,23.3,1556349,3625989340000.0,3306.0,790879,0.5082
2019-04-24,NHPC,EQ,23.3,23.3,23.55,23.2,23.35,23.35,23.37,3175411,7419576634999.999,4187.0,1639822,0.5164
2019-04-25,NHPC,EQ,23.35,23.35,23.55,23.0,23.1,23.1,23.22,3341515,7757462045000.0,5725.0,1812200,0.5423
2019-04-26,NHPC,EQ,23.1,23.1,23.6,23.1,23.4,23.5,23.45,3915852,9181135365000.0,8054.0,2220125,0.5670000000000001
2019-04-30,NHPC,EQ,23.5,23.5,23.55,23.05,23.35,23.35,23.23,5274785,12251485765000.0,7125.0,2932124,0.5559000000000001
2019-05-02,NHPC,EQ,23.35,23.3,23.4,23.0,23.05,23.1,23.15,1552608,3594247025000.0,2861.0,445743,0.2871
2019-05-03,NHPC,EQ,23.1,23.1,23.75,23.05,23.6,23.55,23.5,4250745,9987974555000.0,5402.0,1991476,0.4685
2019-05-06,NHPC,EQ,23.55,23.45,23.45,23.1,23.15,23.25,23.28,1196653,2785558765000.0,2346.0,516518,0.4316
2019-05-07,NHPC,EQ,23.25,23.25,23.45,23.0,23.25,23.25,23.23,3697225,8589306234999.999,2608.0,1743079,0.4715
2019-05-08,NHPC,EQ,23.25,23.25,23.25,22.75,22.9,22.9,23.0,1216062,2796575520000.0,2700.0,657055,0.5403
2019-05-09,NHPC,EQ,22.9,22.85,23.05,22.55,22.65,22.65,22.77,2113964,4812932270000.0,3192.0,1042264,0.493
2019-05-10,NHPC,EQ,22.65,22.65,23.0,22.35,22.45,22.45,22.6,2105521,4758975630000.0,4470.0,1003037,0.4764
2019-05-13,NHPC,EQ,22.45,22.3,22.45,22.0,22.0,22.1,22.2,1987801,4413301235000.0,4134.0,759423,0.38200000000000006
2019-05-14,NHPC,EQ,22.1,22.1,22.25,21.8,22.05,22.1,22.04,1669681,3680468185000.0,3331.0,623417,0.37340000000000007
2019-05-15,NHPC,EQ,22.1,22.1,22.45,22.05,22.4,22.3,22.27,2259780,5031432980000.0,4937.0,889167,0.3935
2019-05-16,NHPC,EQ,22.3,22.4,22.4,21.7,21.85,21.75,21.89,2298933,5031234985000.0,5635.0,1143551,0.4974
2019-05-17,NHPC,EQ,21.75,21.9,22.3,21.65,22.1,22.15,21.97,3336186,7330599634999.999,4482.0,1447025,0.4337
2019-05-20,NHPC,EQ,22.15,22.35,23.3,22.35,23.3,23.15,22.94,2618439,6006721010000.0,3909.0,1204331,0.45990000000000003
2019-05-21,NHPC,EQ,23.15,23.2,23.35,22.75,22.8,22.85,22.94,1774403,4070567910000.0,3134.0,728080,0.4103
2019-05-22,NHPC,EQ,22.85,22.95,23.05,22.7,22.9,22.95,22.86,5232626,11962499540000.0,4402.0,3299151,0.6305
2019-05-23,NHPC,EQ,22.95,23.05,23.3,22.75,22.75,22.8,22.91,3890144,8910814140000.0,4430.0,2126861,0.5467000000000001
2019-05-24,NHPC,EQ,22.8,22.8,23.25,22.75,23.1,23.05,23.03,7068169,16280012294999.998,7465.0,3743366,0.5296000000000001
2019-05-27,NHPC,EQ,23.05,23.1,23.7,23.0,23.7,23.6,23.46,3188923,7481961059999.999,5256.0,928334,0.2911
2019-05-28,NHPC,EQ,23.6,25.95,25.95,24.85,25.4,25.35,25.33,28908637,73222467860000.0,37153.0,5778172,0.1999
2019-05-29,NHPC,EQ,25.35,25.4,25.5,24.9,25.0,25.0,25.08,4056512,10173435320000.0,8899.0,1405242,0.3464
2019-05-30,NHPC,EQ,25.0,25.0,25.1,24.5,25.0,24.85,24.76,6123186,15161896300000.0,14787.0,2510838,0.41009999999999996
2019-05-31,NHPC,EQ,24.85,24.85,25.3,24.85,25.1,25.05,25.01,4725937,11817316655000.0,15394.0,1983946,0.41979999999999995
2019-06-03,NHPC,EQ,25.05,25.0,25.1,24.6,24.9,24.85,24.86,2397697,5961008875000.0,7539.0,959975,0.4004
2019-06-04,NHPC,EQ,24.85,24.8,25.1,24.8,25.0,25.0,25.0,2347647,5868500555000.0,6868.0,1297846,0.5528000000000001
2019-06-06,NHPC,EQ,25.0,25.0,25.15,24.7,24.9,24.9,24.96,3296880,8227669440000.001,6901.0,1784134,0.5412
2019-06-07,NHPC,EQ,24.9,25.0,25.15,24.8,25.0,25.0,24.99,2548593,6369655540000.0,4588.0,1268704,0.4978
2019-06-10,NHPC,EQ,25.0,25.05,25.05,24.6,24.75,24.75,24.81,2342404,5810876450000.0,4996.0,989640,0.4225
2019-06-11,NHPC,EQ,24.75,24.8,24.9,24.45,24.75,24.65,24.64,2134723,5259429135000.0,4806.0,1107188,0.5186999999999999
2019-06-12,NHPC,EQ,24.65,24.7,24.95,24.6,24.85,24.85,24.87,1466723,3647410720000.0005,6302.0,718778,0.4901
2019-06-13,NHPC,EQ,24.85,24.85,24.85,24.45,24.6,24.6,24.59,1779171,4375061775000.0,4970.0,868067,0.4879
2019-06-14,NHPC,EQ,24.6,24.6,24.65,24.45,24.55,24.55,24.55,1876953,4608713265000.0,6202.0,990238,0.5276
2019-06-17,NHPC,EQ,24.55,24.3,24.55,23.9,23.9,24.0,24.09,1258893,3032279780000.0,3152.0,686524,0.5142
2019-06-18,NHPC,EQ,24.0,24.0,24.55,23.9,24.5,24.5,24.31,9350122,22729606660000.0,7341.0,8040882,0.8505
2019-06-19,NHPC,EQ,24.5,24.5,24.8,24.1,24.65,24.55,24.41,2944520,7186859234999.999,4817.0,1436974,0.488
2019-06-20,NHPC,EQ,24.55,24.6,24.9,24.35,24.85,24.8,24.68,1701917,4199968525000.0,3991.0,805838,0.47350000000000003
2019-06-21,NHPC,EQ,24.8,24.8,25.5,24.65,25.3,25.2,25.05,3650890,9144749070000.0,10567.0,2147813,0.5883
2019-06-24,NHPC,EQ,25.2,25.2,25.4,24.95,25.05,25.05,25.05,1948350,4880071935000.0,2518.0,1211734,0.6219
2019-06-25,NHPC,EQ,25.05,25.0,25.1,24.45,24.6,24.7,24.73,5316108,13146460745000.0,9759.0,2400777,0.4516
2019-06-26,NHPC,EQ,24.7,24.55,25.3,24.5,25.0,25.0,24.86,5429536,13499560535000.0,10034.0,2397628,0.4416
2019-06-27,NHPC,EQ,25.0,25.1,25.3,24.8,25.0,24.95,24.99,7952356,19875913435000.0,7059.0,5149693,0.6476000000000001
2019-06-28,NHPC,EQ,24.95,25.05,25.05,24.7,24.75,24.8,24.84,2799268,6952451180000.0,4406.0,1694376,0.6053000000000001
2019-07-01,NHPC,EQ,24.8,24.8,24.95,24.8,24.85,24.9,24.87,771383,1918427745000.0,3169.0,386954,0.5015999999999999
2019-07-02,NHPC,EQ,24.9,24.9,25.0,24.75,24.8,24.8,24.84,678013,1683960639999.9998,2193.0,464881,0.6857
2019-07-03,NHPC,EQ,24.8,24.65,24.9,24.65,24.65,24.7,24.78,1252120,3103241000000.0,2615.0,976359,0.7798
2019-07-04,NHPC,EQ,24.7,24.65,24.8,24.6,24.65,24.6,24.68,579066,1428868720000.0,1345.0,389171,0.6720999999999999
2019-07-05,NHPC,EQ,24.6,24.65,24.8,24.3,24.35,24.45,24.57,774551,1903159035000.0002,2897.0,411350,0.5311
2019-07-08,NHPC,EQ,24.45,24.3,24.3,23.85,23.9,23.9,24.03,837865,2013740610000.0002,2695.0,525200,0.6268
2019-07-09,NHPC,EQ,23.9,24.0,24.45,23.85,24.1,24.15,24.15,1727353,4170832840000.0,4180.0,515976,0.2987
2019-07-10,NHPC,EQ,24.15,24.1,24.3,23.75,23.9,23.85,24.03,1185698,2849560810000.0,2969.0,555549,0.4685
2019-07-11,NHPC,EQ,23.85,24.1,24.2,23.75,24.0,23.9,23.91,1194838,2856732110000.0,3984.0,436834,0.36560000000000004
2019-07-12,NHPC,EQ,23.9,23.9,24.3,23.85,24.1,24.15,24.13,1319439,3184167465000.0,4472.0,652979,0.4949
2019-07-15,NHPC,EQ,24.15,24.1,24.4,24.0,24.4,24.3,24.2,843479,2041488480000.0,2385.0,549666,0.6517000000000001
2019-07-16,NHPC,EQ,24.3,24.2,24.6,24.0,24.1,24.1,24.23,865338,2096995195000.0,2876.0,405480,0.4686
2019-07-17,NHPC,EQ,24.1,24.15,24.15,23.7,23.75,23.8,23.87,1578551,3767663285000.0,3765.0,986782,0.6251
2019-07-18,NHPC,EQ,23.8,23.6,23.85,23.35,23.4,23.4,23.58,1202199,2834694780000.0,2871.0,796006,0.6620999999999999
2019-07-19,NHPC,EQ,23.4,23.4,23.85,23.3,23.55,23.5,23.57,1079891,2545447930000.0,3937.0,563173,0.5215
2019-07-22,NHPC,EQ,23.5,23.5,23.75,22.95,23.15,23.1,23.31,1278029,2979309865000.0,3616.0,850072,0.6651
2019-07-23,NHPC,EQ,23.1,23.1,23.3,23.1,23.2,23.15,23.18,753800,1747051435000.0002,3306.0,494527,0.6559999999999999
2019-07-24,NHPC,EQ,23.15,23.15,23.35,23.0,23.1,23.1,23.18,804180,1864458445000.0,2399.0,412341,0.5127
2019-07-25,NHPC,EQ,23.1,23.1,23.4,22.1,22.3,22.4,22.68,2660276,6034606255000.0,6134.0,1761647,0.6622
2019-07-26,NHPC,EQ,22.4,22.4,22.6,22.3,22.45,22.45,22.42,1205020,2702007525000.0,2980.0,783492,0.6502
2019-07-29,NHPC,EQ,22.45,22.5,22.6,22.3,22.5,22.45,22.46,901625,2025355989999.9998,2249.0,483895,0.5367000000000001
2019-07-30,NHPC,EQ,22.45,22.45,22.55,22.25,22.25,22.25,22.33,888356,1983285585000.0002,2354.0,582064,0.6552
2019-07-31,NHPC,EQ,22.25,22.2,22.35,22.0,22.1,22.15,22.16,1556031,3447731150000.0,2673.0,1050129,0.6748999999999999
2019-08-01,NHPC,EQ,22.15,22.0,22.1,21.7,21.9,21.8,21.86,1244361,2720749145000.0,3439.0,816196,0.6559
2019-08-02,NHPC,EQ,21.8,21.75,22.0,20.85,21.85,21.65,21.43,2319148,4968883895000.0,5047.0,1282332,0.5529000000000001
2019-08-05,NHPC,EQ,21.65,21.7,21.95,21.55,21.75,21.8,21.72,1726929,3750669300000.0,4585.0,904664,0.5239
2019-08-06,NHPC,EQ,21.8,21.75,22.05,21.7,21.95,21.9,21.91,1049962,2300265570000.0,3754.0,609289,0.5803
2019-08-07,NHPC,EQ,21.9,22.0,22.65,21.9,22.35,22.35,22.32,2025769,4521625560000.0,5373.0,958709,0.4733
2019-08-08,NHPC,EQ,22.35,22.35,22.7,22.35,22.6,22.55,22.55,873574,1969894064999.9998,2977.0,410066,0.4694
2019-08-09,NHPC,EQ,22.55,22.6,22.95,21.7,22.0,22.05,22.25,2449638,5450377450000.0,4452.0,943539,0.38520000000000004
2019-08-13,NHPC,EQ,22.05,22.75,22.9,22.3,22.45,22.5,22.6,2618053,5917448865000.0,6424.0,1000726,0.3822
2019-08-14,NHPC,EQ,22.5,22.5,23.05,22.5,22.75,22.85,22.79,2845153,6485400875000.0,5679.0,1320200,0.46399999999999997
2019-08-16,NHPC,EQ,22.85,22.75,23.4,22.6,23.25,23.15,23.02,2690505,6194224085000.0,6275.0,1238722,0.4604
2019-08-19,NHPC,EQ,23.15,23.3,23.4,23.0,23.25,23.25,23.23,1611939,3744499635000.0,2740.0,668032,0.4144
2019-08-20,NHPC,EQ,23.25,23.4,23.95,23.1,23.25,23.25,23.4,3087307,7224434034999.999,6045.0,1295968,0.41979999999999995
2019-08-21,NHPC,EQ,23.25,23.35,23.4,23.1,23.3,23.2,23.24,1724907,4008642995000.0005,2497.0,953478,0.5528000000000001
2019-08-22,NHPC,EQ,23.2,23.3,23.35,23.15,23.3,23.25,23.26,1862225,4330833770000.0005,6598.0,1242035,0.667
2019-08-23,NHPC,EQ,23.25,23.3,23.45,23.15,23.25,23.25,23.27,2497160,5811480545000.0,3808.0,1312853,0.5257000000000001
2019-08-26,NHPC,EQ,23.25,23.75,23.75,23.2,23.25,23.25,23.28,1167322,2717436710000.0,2358.0,867490,0.7431
2019-08-27,NHPC,EQ,23.25,23.4,23.4,23.1,23.25,23.25,23.24,2007357,4664825885000.0,5830.0,1516149,0.7553000000000001
2019-08-28,NHPC,EQ,23.25,23.25,23.25,22.95,23.1,23.05,23.0,12506183,28769929060000.004,2117.0,12161042,0.9723999999999999
2019-08-29,NHPC,EQ,23.05,23.1,23.3,22.95,23.05,22.95,23.06,375285,865593619999.9999,2085.0,244816,0.6523000000000001
2019-08-30,NHPC,EQ,22.95,23.0,23.45,23.0,23.45,23.25,23.11,6905625,15960885869999.998,2980.0,6545196,0.9478
2019-09-03,NHPC,EQ,23.25,23.25,23.75,23.15,23.7,23.65,23.53,1457157,3428364490000.0,4041.0,970671,0.6661
2019-09-04,NHPC,EQ,23.65,23.65,23.65,23.4,23.55,23.5,23.5,2278649,5355150975000.0,3112.0,2030999,0.8913
2019-09-05,NHPC,EQ,23.5,23.7,24.5,23.45,24.15,24.1,24.04,1355157,3258372085000.0,3813.0,665169,0.4908
2019-09-06,NHPC,EQ,24.1,24.0,24.2,23.9,24.05,24.05,24.0,10667102,25604501085000.0,2249.0,10399105,0.9749
2019-09-09,NHPC,EQ,24.05,24.1,24.5,24.05,24.3,24.15,24.18,1104520,2671251140000.0,5381.0,611306,0.5535
2019-09-11,NHPC,EQ,24.15,24.4,24.55,24.05,24.45,24.3,24.32,2598979,6319542825000.0,3812.0,1761289,0.6777
2019-09-12,NHPC,EQ,24.3,23.85,24.25,23.65,23.9,24.0,23.95,1985342,4755811540000.0,4505.0,1027173,0.5174000000000001
2019-09-13,NHPC,EQ,24.0,24.0,24.2,23.8,24.1,24.15,24.01,11221797,26943041589999.996,2827.0,10647314,0.9488
2019-09-16,NHPC,EQ,24.15,23.9,24.15,23.85,24.1,24.05,24.08,839134,2020987785000.0002,2715.0,482750,0.5753
2019-09-17,NHPC,EQ,24.05,24.05,24.2,23.25,23.45,23.45,23.82,1491494,3552033625000.0,4810.0,806644,0.5408
2019-09-18,NHPC,EQ,23.45,23.35,24.2,23.35,23.75,23.85,23.82,1242199,2958809725000.0,5296.0,616153,0.49600000000000005
2019-09-19,NHPC,EQ,23.85,23.7,24.0,23.55,23.6,23.6,23.68,559697,1325447670000.0,2752.0,287517,0.5136999999999999
2019-09-20,NHPC,EQ,23.6,23.65,23.85,22.85,23.55,23.1,23.2,7320822,16984356760000.0,17055.0,5603402,0.7654000000000001
2019-09-23,NHPC,EQ,23.1,23.65,23.9,23.3,23.4,23.35,23.49,1292594,3036032410000.0,6410.0,756730,0.5854
2019-09-24,NHPC,EQ,23.35,23.3,23.5,23.1,23.1,23.15,23.21,1026893,2383440740000.0,4403.0,744038,0.7245999999999999
2019-09-25,NHPC,EQ,23.15,23.1,23.2,22.65,22.7,22.75,22.89,1434667,3284277100000.0,3745.0,984993,0.6866
2019-09-26,NHPC,EQ,22.75,22.7,23.25,22.7,23.05,22.95,23.0,2531662,5822583215000.0,7179.0,1211005,0.4783
2019-09-27,NHPC,EQ,22.95,23.1,23.15,22.8,22.85,22.9,23.04,5434074,12517894325000.0,3351.0,620590,0.1142
2019-09-30,NHPC,EQ,22.9,22.9,23.0,22.2,22.25,22.3,22.35,2469591,5518502170000.0,10677.0,1822617,0.738
2019-10-01,NHPC,EQ,22.3,22.35,22.5,22.0,22.1,22.05,22.12,1538585,3403590685000.0,6114.0,1094027,0.7111
2019-10-03,NHPC,EQ,22.05,22.0,22.1,21.8,22.0,21.95,21.98,2366623,5202853840000.0,11030.0,1651233,0.6977
2019-10-04,NHPC,EQ,21.95,22.0,22.75,21.95,22.65,22.65,22.23,5080506,11294346220000.0,12223.0,3124380,0.615
2019-10-07,NHPC,EQ,22.65,22.7,23.1,22.6,22.9,22.85,22.89,1290145,2953523160000.0,5019.0,695448,0.539
2019-10-09,NHPC,EQ,22.85,22.9,23.15,22.4,22.55,22.65,22.79,2907537,6626563135000.0,5324.0,1728694,0.5946
2019-10-10,NHPC,EQ,22.65,22.6,22.7,21.95,22.55,22.55,22.34,2409301,5381633900000.0,5726.0,1410124,0.5853
2019-10-11,NHPC,EQ,22.55,22.55,23.15,22.45,23.05,23.05,22.86,2470402,5647332590000.0,6436.0,1418552,0.5742
2019-10-14,NHPC,EQ,23.05,23.0,23.8,22.85,23.6,23.7,23.5,6605329,15525038885000.0,14595.0,4178542,0.6325999999999999
2019-10-15,NHPC,EQ,23.7,23.7,23.9,23.25,23.85,23.85,23.64,3720266,8796117600000.0,12874.0,2411241,0.6481
2019-10-16,NHPC,EQ,23.85,23.75,23.95,23.35,23.35,23.4,23.5,2612297,6138269400000.0,7765.0,1981650,0.7586
2019-10-17,NHPC,EQ,23.4,23.35,23.6,23.0,23.4,23.3,23.25,3494627,8124481855000.0,7545.0,2466069,0.7057
2019-10-18,NHPC,EQ,23.3,23.5,24.1,23.25,24.1,23.9,23.9,4838759,11564418835000.0,14699.0,3543378,0.7323000000000001
2019-10-22,NHPC,EQ,23.9,24.1,24.1,23.05,23.1,23.1,23.33,3146860,7341212000000.0,11708.0,2042024,0.6489
2019-10-23,NHPC,EQ,23.1,23.1,23.7,23.1,23.65,23.6,23.52,2430055,5715121955000.0,4108.0,1699750,0.6995
2019-10-24,NHPC,EQ,23.6,23.6,23.95,23.25,23.35,23.35,23.64,1722849,4073209360000.0,4789.0,1149835,0.6674
2019-10-25,NHPC,EQ,23.35,23.3,23.95,23.25,23.75,23.8,23.7,2048306,4854543350000.0,3337.0,1479637,0.7223999999999999
2019-10-27,NHPC,EQ,23.8,23.8,24.0,23.75,23.85,23.9,23.9,229525,548519759999.99994,1083.0,151816,0.6614
2019-10-29,NHPC,EQ,23.9,24.0,24.15,23.75,24.0,24.1,24.01,1705233,4093878000000.0,4282.0,1260628,0.7393000000000001
2019-10-30,NHPC,EQ,24.1,24.05,24.2,23.3,23.8,23.8,23.77,2389503,5680323725000.0,9244.0,1524863,0.6382
2019-10-31,NHPC,EQ,23.8,23.85,24.0,23.45,23.55,23.5,23.57,5581870,13156022070000.0,13245.0,3910287,0.7005
2019-11-01,NHPC,EQ,23.5,23.65,23.65,23.4,23.6,23.5,23.52,989375,2326803385000.0,2815.0,584107,0.5904
2019-11-04,NHPC,EQ,23.5,23.5,23.9,23.4,23.7,23.7,23.68,2422658,5735994820000.0,4513.0,1763950,0.7281000000000001
2019-11-05,NHPC,EQ,23.7,23.6,23.95,23.6,23.8,23.7,23.81,1546510,3681855475000.0,4781.0,1075356,0.6953
2019-11-06,NHPC,EQ,23.7,23.8,23.85,23.3,23.35,23.45,23.51,2445951,5749922060000.0,6100.0,1657478,0.6776000000000001
2019-11-07,NHPC,EQ,23.45,23.45,23.6,23.3,23.5,23.55,23.54,1211550,2852161185000.0,3356.0,931752,0.7691
2019-11-08,NHPC,EQ,23.55,23.45,23.5,23.2,23.35,23.35,23.35,1965883,4589874955000.0,4200.0,1228531,0.6249
2019-11-11,NHPC,EQ,23.35,23.35,23.55,23.25,23.3,23.35,23.4,1701234,3981308335000.0,4085.0,1317275,0.7743000000000001
2019-11-13,NHPC,EQ,23.35,23.95,24.25,23.5,23.7,23.65,23.75,8380504,19901612965000.0,11121.0,5958124,0.711
2019-11-14,NHPC,EQ,23.65,23.7,23.85,23.4,23.55,23.55,23.58,1764666,4160306225000.0,4016.0,975231,0.5526
2019-11-15,NHPC,EQ,23.55,23.6,23.7,23.3,23.4,23.35,23.46,1640799,3849024825000.0,3139.0,1003524,0.6116
2019-11-18,NHPC,EQ,23.35,23.35,23.5,23.25,23.35,23.35,23.36,1686755,3939484829999.9995,2864.0,985517,0.5843
2019-11-19,NHPC,EQ,23.35,23.35,23.5,23.3,23.35,23.35,23.37,755277,1764752920000.0,4408.0,386579,0.5118
2019-11-20,NHPC,EQ,23.35,23.5,23.65,23.3,23.55,23.5,23.48,1814111,4260061454999.9995,8445.0,654319,0.3607
2019-11-21,NHPC,EQ,23.5,23.65,23.75,23.3,23.35,23.4,23.49,1272204,2988311730000.0,3345.0,544370,0.4279
2019-11-22,NHPC,EQ,23.4,23.4,23.7,23.35,23.55,23.5,23.49,1226521,2880532630000.0,6731.0,869730,0.7091
2019-11-25,NHPC,EQ,23.5,23.5,23.7,23.5,23.7,23.65,23.63,1220609,2884550635000.0,16782.0,866776,0.7101000000000001
2019-11-26,NHPC,EQ,23.65,23.7,24.15,23.7,24.0,23.95,23.96,3133623,7508629345000.0,5005.0,2424973,0.7739
2019-11-27,NHPC,EQ,23.95,23.95,24.0,23.85,23.85,23.85,23.88,656336,1567584205000.0,2118.0,450168,0.6859000000000001
2019-11-28,NHPC,EQ,23.85,23.85,24.0,23.7,23.75,23.75,23.76,2649890,6295631540000.0,9074.0,1948612,0.7354
2019-11-29,NHPC,EQ,23.75,23.8,24.0,23.75,23.85,23.8,23.82,717710,1709739189999.9998,1994.0,484567,0.6752
2019-12-02,NHPC,EQ,23.8,23.85,24.25,23.8,24.1,23.95,24.03,2169712,5213442750000.0,4078.0,1069336,0.4928
2019-12-03,NHPC,EQ,23.95,24.05,24.1,23.75,23.8,23.85,23.91,1441378,3447020845000.0005,4451.0,974015,0.6758
2019-12-04,NHPC,EQ,23.85,23.75,24.1,23.7,24.05,24.0,23.94,1283151,3072193045000.0,3236.0,1070259,0.8341
2019-12-05,NHPC,EQ,24.0,24.0,24.05,23.85,23.9,23.85,23.91,660902,1580265660000.0,3272.0,442167,0.669
2019-12-06,NHPC,EQ,23.85,23.9,24.1,23.8,24.05,23.95,23.91,1131608,2706007580000.0,5281.0,786229,0.6948000000000001
